"y","x"
"AnonyWomanMC","111, 226, 227, 230, 232, 364"
"AnthonyChuzzMC","25, 26, 28, 55, 57, 80, 81, 82, 83, 85, 86, 131, 132, 133, 134, 135, 138, 140, 141, 144, 171, 181, 192, 209, 223, 309, 313, 324, 344"
"AugModdleMC","68, 70, 75, 76, 84, 85, 86, 223, 224, 225, 226, 254, 256, 305, 306, 307, 309, 310, 311, 362, 363, 364, 365"
"BibMC","237"
"BuffumMC","237, 238"
"BullamyMC","192, 194, 339"
"CaptKedgickMC","161, 162, 164, 236"
"CharityPeckMC","7, 8, 9, 26, 27, 29, 37, 39, 42, 43, 55, 56, 57, 62, 66, 68, 69, 72, 78, 79, 80, 82, 83, 85, 147, 148, 149, 171, 172, 174, 175, 207, 208, 213, 215, 223, 224, 225, 253, 254, 256, 307, 310, 365"
"ChevySlymeMC","23, 24, 25, 27, 48, 49, 50, 51, 99, 100, 345, 346, 347, 348"
"ChiggleMC","234, 238"
"ChuffeyMC","81, 82, 131, 132, 133, 134, 135, 138, 139, 140, 141, 142, 180, 181, 184, 187, 188, 307, 308, 310, 312, 313, 326, 331, 332, 333, 339, 340, 341, 342, 343, 344, 346, 347, 349, 362, 363"
"CiceroMC","125"
"ColDiverMC","115, 116, 117, 118, 121, 155"
"ColGroperMC","237"
"CrimpleMC","191, 192, 193, 194, 199, 200, 204, 329, 339"
"DocDunkleMC","236, 237, 239"
"DocJoblingMC","138, 141, 142, 181, 184, 192, 193, 194, 198, 199, 259, 279, 280, 281"
"GenChokeMC","153, 154, 155, 226"
"GenFladdockMC","128, 239"
"GeorgeChuzzMC","27, 28, 29, 362, 365"
"JackCoachMC","245"
"JaneMC","218, 219, 221"
"JeffBrickMC","116, 117, 118, 119, 120, 121, 128, 155, 158"
"JoddMC","237"
"JonasChuzzMC","25, 26, 56, 57, 78, 79, 80, 81, 82, 83, 86, 131, 132, 133, 134, 135, 136, 138, 139, 141, 142, 144, 145, 146, 147, 148, 149, 171, 172, 173, 174, 175, 176, 177, 187, 188, 194, 195, 196, 197, 198, 199, 200, 201, 202, 207, 208, 224, 258, 259, 260, 261, 274, 275, 277, 278, 279, 280, 281, 282, 283, 284, 285, 294, 296, 297, 298, 299, 305, 307, 308, 310, 311, 312, 313, 316, 317, 318, 324, 325, 326, 333, 339, 340, 341, 342, 343, 344, 345, 346, 347, 348, 349, 362"
"LewsomeMC","180, 181, 205, 206, 324, 326, 334, 341, 342, 344, 346"
"LFKettleMC","153, 154, 155, 158"
"MajChollopMC","228, 229, 230, 235"
"MajPawkinsMC","118, 119, 155"
"MarkTapleyMC","32, 33, 49, 50, 52, 53, 54, 88, 102, 103, 104, 105, 106, 107, 108, 109, 110, 111, 112, 113, 116, 123, 124, 125, 126, 128, 129, 130, 152, 153, 154, 155, 156, 157, 158, 161, 162, 164, 165, 166, 167, 168, 169, 170, 216, 226, 227, 228, 229, 230, 231, 232, 235, 236, 237, 238, 239, 240, 241, 242, 243, 265, 269, 286, 287, 288, 289, 290, 291, 293, 294, 320, 321, 322, 323, 326, 327, 342, 344, 346, 347, 349, 350, 351, 352, 353, 354, 356, 360, 362, 364"
"MartinJrMC","18, 20, 35, 36, 37, 38, 39, 40, 41, 42, 43, 44, 45, 46, 47, 48, 49, 50, 51, 52, 87, 88, 89, 90, 91, 92, 93, 94, 95, 96, 97, 98, 99, 100, 101, 102, 103, 104, 105, 106, 107, 108, 109, 110, 111, 112, 113, 114, 115, 116, 117, 118, 119, 120, 121, 122, 123, 124, 125, 126, 127, 128, 129, 130, 131, 149, 152, 153, 154, 155, 156, 157, 158, 159, 160, 161, 162, 163, 164, 165, 166, 167, 168, 169, 173, 175, 176, 209, 210, 212, 213, 216, 217, 219, 220, 221, 222, 226, 227, 228, 230, 231, 232, 234, 235, 236, 237, 239, 240, 241, 242, 243, 269, 287, 288, 289, 290, 291, 292, 293, 294, 296, 320, 321, 322, 323, 324, 325, 326, 327, 332, 333, 334, 335, 336, 337, 342, 350, 351, 352, 353, 354, 356, 357, 360, 361"
"MartinSrMC","18, 19, 20, 21, 22, 24, 26, 27, 29, 36, 37, 39, 71, 72, 73, 74, 75, 81, 105, 133, 171, 172, 173, 176, 177, 180, 198, 204, 208, 209, 210, 211, 212, 218, 219, 220, 255, 288, 290, 291, 292, 298, 309, 338, 341, 342, 343, 344, 345, 347, 349, 350, 351, 352, 353, 354, 355, 356, 357, 359, 360, 362, 363, 364"
"MaryMC","15, 16, 73, 105, 106, 107, 108, 109, 171, 173, 175, 208, 209, 210, 211, 212, 215, 216, 217, 219, 220, 241, 253, 269, 288, 289, 290, 291, 293, 321, 338, 351, 352, 354, 356, 360, 361"
"MercyPeckMC","252"
"MissesMouldMC","178"
"MrBevanMC","124, 125, 126, 128, 129, 154, 166, 231, 239, 240, 292"
"MrFipsMC","265, 266, 267, 268, 270, 271, 320, 337, 361"
"MrGanderMC","66, 67, 68, 70"
"MrIzzardMC","237"
"MrMouldMC","136, 138, 139, 140, 141, 142, 178, 179, 180, 258, 347"
"MrMrsSpottletoeMC","24, 25, 26, 27, 28, 29, 362, 364, 365"
"MrPipMC","198, 200"
"MrsGampMC","136, 137, 138, 139, 140, 141, 142, 161, 172, 179, 180, 181, 182, 183, 184, 185, 187, 188, 192, 203, 204, 205, 206, 258, 272, 273, 275, 276, 302, 307, 308, 309, 310, 311, 312, 313, 326, 328, 329, 330, 331, 332, 333, 340, 341, 343, 344, 347, 356"
"MrsGillMC","204"
"MrsHominyMC","163, 164, 166, 237, 238"
"MrsJinkinsMC","58, 59, 62, 66, 67, 68, 69, 70, 75, 76, 78, 80, 83, 84, 85, 86, 223, 225, 364, 365"
"MrsLupinMC","16, 17, 18, 22, 25, 33, 49, 53, 54, 107, 210, 221, 230, 241, 244, 245, 246, 256, 286, 287, 288, 289, 294, 299, 322, 323, 351, 353, 354, 360"
"MrsMouldMC","178, 179, 180, 181, 206"
"MrsNedChuzzMC","2, 26, 27, 28, 29, 291, 362, 365"
"MrsNorrisMC","126"
"MrsPawkinsMC","119, 120, 125, 126"
"MrsPrigMC","180, 181, 182, 184, 205, 206, 310, 313, 328, 329, 330, 331, 332, 333, 341, 344"
"MrsTodgersMC","58, 59, 61, 62, 63, 64, 65, 66, 67, 68, 69, 70, 75, 76, 77, 78, 83, 84, 86, 133, 171, 208, 209, 213, 223, 224, 225, 250, 255, 256, 305, 306, 307, 309, 310, 311, 339, 362, 363, 364"
"MsCodgerMC","238"
"MsToppitMC","238"
"NadgettMC","197, 200, 206, 258, 259, 260, 261, 276, 279, 284, 311, 318, 326, 337, 344, 345, 346, 347, 349"
"NorrisMC","126, 127, 128, 231"
"PogramMC","234, 235, 236, 237, 238, 239"
"ProfMullitMC","120"
"ProfPiperMC","237"
"RuthPinchMC","62, 63, 64, 65, 249, 250, 251, 252, 262, 263, 264, 265, 266, 268, 269, 271, 272, 273, 274, 276, 300, 301, 302, 303, 305, 306, 307, 308, 309, 310, 320, 321, 334, 335, 336, 337, 349, 354, 357, 358, 359, 360, 361, 366"
"ScadderMC","156, 157, 158, 164, 166, 226, 229, 235"
"SethPeckMC","6, 7, 8, 9, 10, 11, 13, 14, 16, 17, 18, 19, 20, 22, 23, 24, 25, 26, 27, 28, 29, 30, 31, 34, 36, 37, 38, 39, 40, 41, 42, 43, 44, 48, 49, 50, 52, 55, 56, 57, 58, 59, 62, 63, 64, 65, 66, 67, 68, 69, 70, 71, 72, 73, 74, 75, 76, 77, 83, 84, 85, 86, 88, 90, 91, 92, 93, 94, 95, 96, 98, 106, 132, 133, 134, 135, 136, 137, 138, 139, 140, 141, 142, 144, 145, 146, 147, 148, 149, 150, 151, 171, 172, 173, 174, 175, 179, 207, 208, 209, 210, 211, 212, 213, 215, 216, 217, 218, 219, 220, 221, 222, 223, 232, 241, 242, 243, 250, 261, 262, 265, 269, 270, 283, 285, 287, 288, 289, 290, 291, 292, 293, 294, 296, 297, 298, 299, 316, 321, 326, 337, 338, 339, 349, 350, 351, 352, 353, 354, 355, 362"
"SophiaMC","42"
"TackerMC","141, 178, 179, 258"
"TiggMontagueMC","23, 24, 25, 27, 28, 30, 48, 49, 50, 51, 52, 92, 93, 99, 100, 189, 190, 191, 192, 193, 194, 195, 196, 197, 198, 199, 200, 259, 260, 261, 275, 277, 278, 279, 280, 281, 282, 283, 284, 285, 297, 298, 299, 316, 329, 345, 346, 353"
"TomPinchMC","9, 10, 11, 12, 31, 32, 33, 34, 35, 36, 37, 38, 39, 40, 41, 42, 43, 44, 45, 46, 47, 48, 49, 50, 51, 52, 53, 54, 62, 63, 64, 87, 88, 89, 90, 91, 92, 93, 94, 95, 96, 100, 101, 103, 104, 107, 130, 141, 147, 148, 149, 151, 155, 171, 173, 174, 175, 176, 177, 194, 207, 213, 215, 216, 217, 218, 219, 220, 221, 222, 230, 232, 241, 242, 244, 245, 246, 247, 248, 249, 250, 251, 252, 253, 254, 255, 256, 257, 258, 259, 262, 263, 264, 265, 266, 267, 268, 269, 270, 271, 272, 273, 274, 275, 276, 277, 280, 287, 288, 292, 294, 295, 300, 301, 302, 303, 305, 306, 307, 308, 309, 310, 311, 320, 321, 322, 323, 324, 325, 326, 334, 335, 336, 337, 338, 349, 351, 354, 355, 356, 357, 358, 359, 360, 361, 366"
"WestlockMC","9, 10, 11, 12, 41, 42, 43, 88, 89, 90, 91, 92, 93, 101, 181, 182, 184, 192, 205, 206, 216, 244, 245, 247, 248, 249, 252, 256, 257, 263, 264, 265, 266, 267, 268, 269, 270, 300, 301, 302, 303, 304, 320, 321, 322, 323, 324, 325, 326, 327, 332, 333, 334, 336, 337, 341, 342, 347, 349, 351, 354, 357, 358, 359, 360, 361"
"WlmSimmonsMC","97"
"YngBaileyMC","59, 66, 67, 68, 70, 78, 79, 84, 85, 186, 187, 188, 189, 190, 195, 198, 200, 201, 203, 204, 205, 206, 223, 259, 280, 283, 284, 329, 356, 362"
