"","empEntropy","evenness_log2","entropy","evenness"
"1",0,1,0,1
"2",0,1,0,1
"3",1,0.693147180559945,0.693147180559945,1
"4",0.918295834054489,0.636514168294813,0.636514168294813,0.918295834054489
"5",0.811278124459133,0.562335144618808,0.562335144618808,0.811278124459133
"6",1.37095059445467,0.599553957144641,0.950270539233235,0.864973520717927
"7",1.45914791702725,0.638125043492931,1.01140426470735,0.920619835714305
"8",1.55665670746282,0.680768287821726,1.07899220787758,0.982141032834875
"9",1.90563906222957,0.660444171574661,1.32088834314932,0.952819531114783
"10",2.19715972342415,0.65590104658482,1.52295506753132,0.946265187221801
"11",2.24643934467102,0.670612109602465,1.55711309805765,0.967488764883562
"12",2.23127025460758,0.666083798828206,1.54659868604851,0.960955793385934
"13",2.45914791702724,0.659410511677349,1.7045514452673,0.951328275106965
"14",2.44931183302645,0.656773005759564,1.69773359137439,0.947523158399061
"15",2.64559331445115,0.653207591392117,1.83378554682005,0.942379352772432
"16",2.68924642850916,0.663985720190237,1.86404357975203,0.957928905739542
"17",2.85845859334435,0.660444171574661,1.98133251472398,0.952819531114783
"18",2.89542387028032,0.668984964070255,2.00695489221077,0.965141290093439
"19",2.89106111207265,0.667976952886553,2.00393085865966,0.963687037357551
"20",3.03637224983022,0.663944056450125,2.10465286410028,0.957868797668297
"21",3.00869496956284,0.657892042987922,2.08546843531737,0.949137587858984
"22",3.01043408903334,0.658272325094623,2.08667390107501,0.949686218968459
"23",3.14036116369848,0.655261770990067,2.17673248655755,0.94534290749149
"24",3.17488586872424,0.662465630093789,2.20066318850582,0.955735879295692
"25",3.15726822961739,0.658789567118848,2.18845157163078,0.950432441471748
"26",3.19326968951511,0.666301563077626,2.21340588205493,0.961269960788656
"27",3.19968779473133,0.667640752671165,2.21785457359009,0.963202002974065
"28",3.18952963155271,0.665521169716386,2.21081347142316,0.960144091156452
"29",3.18200581476021,0.663951264454199,2.20559835902639,0.95787919662003
"30",3.16420804758399,0.66023761629985,2.19326188688794,0.952521534844144
"31",3.13957226198672,0.655097160263517,2.17618566156031,0.945105424412619
"32",3.12744823028718,0.652567382932547,2.16778192317075,0.941455727202674
"33",3.10845859334435,0.648605041505881,2.15461930986397,0.935739276876115
"34",3.08466580229612,0.643640483104356,2.13812740383124,0.928576933090031
"35",3.05747607628993,0.63796712673328,2.11928092190985,0.920392009988284
"36",3.0278865877554,0.631793040489968,2.09877105135793,0.911484686383036
"37",3.05037604244792,0.636485647213285,2.11435955347038,0.918254686831609
"38",3.05948377044963,0.638386048367486,2.12067254945607,0.920996386152474
"39",3.05954552670486,0.638398934309918,2.12071535563027,0.921014976637718
"40",3.05312914127349,0.637060103563404,2.11626785615913,0.919083452159133
"41",3.04191910798641,0.634721039397965,2.10849765319221,0.915708895887332
"42",3.06596061490585,0.639737494378814,2.12516195592983,0.922946110611046
"43",3.07802314953976,0.642254439849358,2.13352306780173,0.926577295359588
"44",3.09032354600734,0.644821017116457,2.142049052933,0.930280083654889
"45",3.08245022263842,0.643178184478626,2.13659168103819,0.92790997715528
"46",3.08747927636551,0.6442275372377,2.14007755545001,0.92942387317694
"47",3.10091120831301,0.647030218539928,2.1493878612089,0.933467287592856
"48",3.18348386452393,0.63785705523558,2.20662286505284,0.920233210384409
"49",3.26325553413315,0.630945615881902,2.26191637293103,0.910262111103453
"50",3.25163943713927,0.628699660762762,2.25386470805061,0.90702188279101
"51",3.28804719093831,0.635739045942173,2.27910063994694,0.917177568880254
"52",3.27399838207342,0.633022729592153,2.26936274769202,0.913258752752594
"53",3.29515774781484,0.637113861564426,2.28402930239812,0.919161008560614
"54",3.27953142828286,0.634092535867451,2.273197963072,0.914802156960678
"55",3.3148019763698,0.640912044009684,2.29764564403526,0.92464062753878
"56",3.38563937910906,0.634180413348566,2.34674639002217,0.914928937366889
"57",3.41870102218514,0.640373348899041,2.36966297470503,0.923863454774104
"58",3.43781096337489,0.64395292399424,2.38290897656138,0.929027690012437
"59",3.44196123013691,0.644730330444225,2.38578572226604,0.930149250442587
"60",3.42563265570769,0.641671746548724,2.37446761693786,0.925736646624404
"61",3.4258281330171,0.641708362344738,2.37460311148375,0.925789472051732
"62",3.44518593989652,0.645334366355697,2.38802092074404,0.931020690056586
"63",3.45639392723389,0.647433788428314,2.39578970556669,0.934049515869483
"64",3.44030294002168,0.644419708138372,2.38463628314812,0.929701117182342
"65",3.42319193302642,0.641214563031653,2.37277583689281,0.92507707023155
"66",3.42520087739462,0.641590868073968,2.37416833101753,0.925619963649959
"67",3.42382502441489,0.641333150427848,2.37321466240377,0.925248155679952
"68",3.41972984998207,0.640566063587305,2.37037610379176,0.924141483299169
"69",3.40359036500263,0.637542898947074,2.35918906528257,0.919779978664918
"70",3.41123505302047,0.638974862267501,2.36448795922839,0.921845865046032
"71",3.40582167591265,0.637960856536994,2.3607356921488,0.920382964007196
"72",3.3985886715025,0.636606007655307,2.35572215553493,0.918428330244432
"73",3.39183881055276,0.635341658701439,2.35104350844845,0.916604260278734
"74",3.3835687698364,0.63379255755609,2.34531115304278,0.914369379738505
"75",3.39234102678272,0.635435731241553,2.35139161821227,0.916739978265841
"76",3.40113930984178,0.637083780003503,2.35749012330843,0.919117610041849
"77",3.39211493775014,0.635393381416283,2.35123490523679,0.916678880382942
"78",3.38200833186527,0.633500264406489,2.34422953986265,0.913947689861088
"79",3.37097690280002,0.63143391431392,2.33658313590853,0.910966576829799
"80",3.35915334718754,0.629219187183843,2.32838767167155,0.907771400982315
"81",3.34665052308677,0.626877223002667,2.31972137439706,0.904392660872192
"82",3.33356513812779,0.624426136542215,2.3106512767062,0.900856490590908
"83",3.3199805927887,0.621881549947595,2.30123518740523,0.897185428129738
"84",3.30596920846168,0.619257010086992,2.2915232358632,0.89339901748823
"85",3.30801570795647,0.61964034976089,2.29294176121804,0.893952059734739
"86",3.29398760452133,0.617012678163647,2.28321822087337,0.890161130952312
"87",3.27964397367886,0.614325903608529,2.27327597359592,0.886284934625657
"88",3.26503295677212,0.611589043682296,2.2631483884219,0.882336480382472
"89",3.27661505756796,0.613758542748107,2.27117648893349,0.885466405925931
"90",3.2848571174384,0.615302402666483,2.2768894494947,0.887693724973998
"91",3.29041197017336,0.61634290887789,2.28073978000636,0.88919485812521
"92",3.29374830064194,0.616967853001793,2.28305234806407,0.890096461913598
"93",3.29521910918043,0.617243357230818,2.28407183485567,0.890493930498556
"94",3.29509969445708,0.617220989084027,2.28398906287686,0.890461660084106
"95",3.29361050375556,0.616942041603538,2.28295683454079,0.890059223937338
"96",3.29093174613812,0.616440270616477,2.28110006125085,0.889335321422642
"97",3.28721319618471,0.615743731120551,2.27852255883488,0.888330427346086
"98",3.28258102972866,0.614876057718616,2.27531178571598,0.887078639232004
"99",3.27067295444417,0.612645498801827,2.26705773690664,0.883860622944341
"100",3.25852035527397,0.610369136938667,2.25863419705534,0.880576526973091
"101",3.24615524034654,0.608052967725794,2.25006335250609,0.87723500113582
"102",3.23360630581992,0.60570236637874,2.24136509391994,0.873843800229319
"103",3.22089933455126,0.603322162408614,2.23255729261161,0.870409891765314
"104",3.208057536736,0.60091670342888,2.22365603666264,0.866939548024189
"105",3.19510184259157,0.598489909979339,2.21467583379423,0.863438425149274
"106",3.18205115512606,0.59604532287345,2.20562978657315,0.859911631454588
"107",3.16892256946467,0.593586144281425,2.19652974443721,0.856363786695213
"108",3.16619440840334,0.59307511929742,2.19463872728944,0.855626533485018
"109",3.16275040112979,0.592430005712732,2.19225152335795,0.854695831315579
"110",3.15866436869534,0.59166463130392,2.18941930149633,0.853591629451563
"111",3.15400101409194,0.59079111589994,2.18618691040104,0.852331413110101
"112",3.14189900765095,0.588524230804484,2.17779843875735,0.849060989224621
"113",3.13698577879803,0.587603910251725,2.1743928480305,0.847733247327127
"114",3.13160123509314,0.586595305444748,2.17066056674285,0.846278138173885
"115",3.12579012672616,0.585506798757082,2.16663261336235,0.844707754973615
"116",3.12858697247364,0.586030689400354,2.16857123910668,0.845463569406631
"117",3.17312018457468,0.57768171198685,2.1994393095158,0.833418541095675
"118",3.17455569199555,0.577943052981272,2.20043432743724,0.833795576452308
"119",3.17505133279439,0.578033286760186,2.20077787945953,0.833925756277669
"120",3.21838227965283,0.570994387611713,2.23081260310545,0.823770771382849
"121",3.26109207431719,0.565104194214837,2.26041677685935,0.815273018579299
"122",3.2866663566551,0.569535879639177,2.27814351855671,0.821666589163775
"123",3.28571213159624,0.569370525036885,2.27748210014754,0.821428032899059
"124",3.28403104880873,0.569079215588273,2.27631686235309,0.821007762202183
"125",3.30908772044129,0.573421205912354,2.29368482364942,0.827271930110323
"126",3.30666343490909,0.573001109241975,2.2920044369679,0.826665858727272
"127",3.30365314159214,0.572479465160649,2.28991786064259,0.825913285398034
"128",3.32229207242143,0.575709345748892,2.30283738299557,0.830573018105356
"129",3.33689863655953,0.57824047043639,2.31296188174556,0.834224659139882
"130",3.33543373181316,0.577986621787708,2.31194648715083,0.833858432953291
"131",3.34708315902739,0.580005313694877,2.32002125477951,0.836770789756847
"132",3.34499822225493,0.579644021683508,2.31857608673403,0.836249555563731
"133",3.33945112073969,0.578682782239616,2.31473112895846,0.834862780184921
"134",3.33357638138865,0.577664767485191,2.31065906994077,0.833394095347162
"135",3.32391074914585,0.575989841050836,2.30395936420334,0.830977687286463
"136",3.31414417631394,0.574297422945293,2.29718969178117,0.828536044078486
"137",3.30836124693066,0.573295317645943,2.29318127058377,0.827090311732665
"138",3.30230126869384,0.572245203438666,2.28898081375466,0.825575317173459
"139",3.29598714169239,0.571151048606479,2.28460419442592,0.823996785423099
"140",3.28670137148323,0.569541947246526,2.2781677889861,0.821675342870806
"141",3.27732792457891,0.567917652673061,2.27167061069225,0.819331981144726
"142",3.26787626440166,0.566279804772194,2.26511921908877,0.816969066100414
"143",3.2618829132065,0.565241236151437,2.26096494460575,0.815470728301625
"144",3.25567068955083,0.564164739823453,2.25665895929381,0.813917672387708
"145",3.24925692092406,0.563053318413351,2.2522132736534,0.812314230231016
"146",3.24265755481367,0.561909735410125,2.2476389416405,0.810664388703417
"147",3.23588729615453,0.560736538984814,2.24294615593926,0.808971824038632
"148",3.22895972758515,0.559536082829315,2.23814433131726,0.807239931896288
"149",3.23921762734639,0.561313641403807,2.24525456561523,0.809804406836599
"150",3.24778195189911,0.562797725758086,2.25119090303235,0.811945487974778
"151",3.25491792875261,0.564034296317221,2.25613718526889,0.813729482188152
"152",3.26082567128222,0.56505803008669,2.26023212034676,0.815206417820554
"153",3.26041891097169,0.564987543896089,2.25995017558436,0.815104727742923
"154",3.25233700244224,0.563587055868406,2.25434822347362,0.81308425061056
"155",3.2572882647585,0.564445044247088,2.25778017698835,0.814322066189625
"156",3.26130375140106,0.565140875058305,2.26056350023322,0.815325937850265
"157",3.29631759482159,0.558985692548047,2.28483324708073,0.806445886566949
"158",3.31820545366652,0.5626974101186,2.30000475472758,0.811800763099167
"159",3.3172681970692,0.562538471238145,2.29935509795969,0.811571462764531
"160",3.35144281015827,0.557094704069161,2.3230431346691,0.803717766866084
"161",3.36802890377979,0.559851733038816,2.33453973869936,0.807695318888191
"162",3.38915370682759,0.563363210503614,2.34918233637183,0.81276131001285
"163",3.40238714439667,0.565562943097595,2.35835505631196,0.815934853317467
"164",3.40495646540475,0.565990029343051,2.36013597392466,0.816551008525819
"165",3.42102960961287,0.568661793124592,2.37127702851525,0.820405548883874
"166",3.43399018225374,0.570816168654453,2.38026061289972,0.823513655777018
"167",3.46639614653553,0.565622343618381,2.40272271567496,0.816020550154231
"168",3.48649000936811,0.568901119992244,2.41665072004393,0.820750824568988
"169",3.48465814892067,0.56860220978243,2.4153809711396,0.820319588291617
"170",3.50004129716785,0.571112324609465,2.42604375697527,0.823940918504644
"171",3.51241000667795,0.573130564350363,2.43461709309936,0.826852622970162
"172",3.52255193896429,0.574785454116599,2.44164694486907,0.829240124229128
"173",3.52404054069178,0.575028353762866,2.44267876495945,0.829590554344231
"174",3.52491830056882,0.575171580496857,2.44328718174343,0.829797186843083
"175",3.53328859979909,0.576537387538889,2.44908903105533,0.831767629889434
"176",3.54023018975968,0.577670067768144,2.45390057456512,0.833401742039093
"177",3.54055632665982,0.577723284512568,2.45412663543793,0.833478517572365
"178",3.54038129893098,0.577694724708667,2.45400531546116,0.833437314484909
"179",3.53974713458907,0.577591246194919,2.45356574623556,0.833288026546286
"180",3.54965264190336,0.579207557783378,2.46043172070248,0.835619871259487
"181",3.55787900877695,0.580549878947436,2.46613380370716,0.837556431346154
"182",3.58760646299762,0.575377296935397,2.48673930478544,0.830093972928794
"183",3.60606202613556,0.578337184576712,2.49953172634015,0.834364188150507
"184",3.60484127279663,0.578141401186414,2.49868556460511,0.834081732424237
"185",3.60282795265204,0.577818506600676,2.49729003742332,0.833615894006662
"186",3.59557336510395,0.576655021971899,2.49226154051824,0.831937340502575
"187",3.60224371916522,0.577724807727098,2.49688507762914,0.833480715106414
"188",3.63103238982687,0.573009557660357,2.51683986353034,0.826678047218575
"189",3.62367053060727,0.571847790085162,2.51173701156859,0.825001970899176
"190",3.62264228620025,0.571685523872808,2.51102428685694,0.824767870239309
"191",3.61529279527946,0.570525708126369,2.50593000794664,0.823094609813577
"192",3.60972233369747,0.569646639204813,2.50206885820667,0.821826381439848
"193",3.61760794369771,0.570891059362226,2.50753474654533,0.82362170022973
"194",3.61033385324804,0.569743142488054,2.502492731259,0.821965606248009
"195",3.60299620707707,0.568585195949633,2.49740666250365,0.820295042519416
"196",3.60967115138332,0.569638562175461,2.50203338132992,0.821814728749657
"197",3.62724282033242,0.572411529522182,2.51421313411972,0.825815274989319
"198",3.63502810782533,0.57364011788594,2.51960948419528,0.827587753329006
"199",3.6415516673453,0.574669594231396,2.52413127108376,0.829072973747308
"200",3.6470070517648,0.575530502942055,2.52791265541301,0.830315002474834
"201",3.64164305552136,0.574684016107248,2.52419461654034,0.82909378011608
"202",3.63615718450612,0.573818296337677,2.5203921005132,0.82784481049772
"203",3.63055707532564,0.572934548758518,2.51651040062392,0.82656983224787
"204",3.62484988380374,0.572033902623108,2.51255447691161,0.825270474534718
"205",3.61904232354494,0.571117417398602,2.50852898289229,0.823948265846275
"206",3.61314070056014,0.570186088230216,2.50443828955964,0.822604641873609
"207",3.63990063988327,0.565764223294537,2.52298686605343,0.816225239259425
"208",3.63317206111459,0.564718373553688,2.51832297065075,0.814716397024787
"209",3.62721077193193,0.563791786682797,2.51419091986128,0.813379614741199
"210",3.62116712631364,0.56285239882379,2.51000178394066,0.812024364535539
"211",3.61504633303412,0.561901019597174,2.50575917333617,0.810651814443294
"212",3.60885330497163,0.560938412631141,2.50146649339553,0.809263066147074
"213",3.60259267986484,0.559965298787848,2.49712695875421,0.807859159631134
"214",3.59626883923594,0.558982359104703,2.49274360645198,0.806441077424769
"215",3.58988592567856,0.557990237481497,2.48831930791592,0.80500974847901
"216",3.58344785868313,0.556989543140208,2.48385677992979,0.803566051715387
"217",3.59666962926058,0.559044655491178,2.49302141292755,0.806530952112601
"218",3.60754121841286,0.560734469802405,2.50055702429667,0.808968838839432
"219",3.61533887718633,0.561946490897471,2.50596194949046,0.810717415662737
"220",3.62199246131429,0.562980683923247,2.51057386256938,0.812209440812345
"221",3.62767547456819,0.563864017260518,2.5145130271834,0.813483821437478
"222",3.65301327174245,0.559752662714371,2.53207584985634,0.807552390622416
"223",3.66914319711396,0.562224257533346,2.54325626215025,0.811118148210838
"224",3.68177245564861,0.56415944379384,2.5520101970961,0.813910031832049
"225",3.69212933022535,0.565746431765271,2.55918903550838,0.816199571508382
"226",3.70795660201515,0.568171650856692,2.57015966432544,0.819698423064645
"227",3.71248047753287,0.568864846084428,2.57329537588575,0.820698492382067
"228",3.72264994067752,0.570423116928289,2.58034431059227,0.822946602000868
"229",3.72642104040538,0.571000964025194,2.58295823773625,0.823780259141965
"230",3.72598588964017,0.570934285702016,2.58265661421022,0.823684062655781
"231",3.73124911923917,0.571740772446892,2.58630480696741,0.824847577083156
"232",3.7305224031714,0.571629417457541,2.58580108577397,0.824686925792242
"233",3.72951781661411,0.571475484263616,2.58510475943415,0.824464847136738
"234",3.72825358179252,0.571281765063866,2.584228458632,0.824185369407933
"235",3.73668126821064,0.572573142773757,2.59007008571137,0.826048433625907
"236",3.74382732039003,0.573668135164355,2.59502335163165,0.827628173717634
"237",3.73775073513776,0.57273701761231,2.5908113836966,0.826284855042814
"238",3.74386436448071,0.573673811444962,2.59504902863865,0.827636362859517
"239",3.74832355902248,0.574357095581274,2.59813990676285,0.828622133494492
"240",3.75209870523668,0.574935562722874,2.60075663871742,0.829456685170996
"241",3.74606493359659,0.574011005517491,2.59657434691695,0.828122831075772
"242",3.75128487802058,0.574810859657949,2.60019253667713,0.829276776677645
"243",3.74523223911116,0.573883411413453,2.59599716708211,0.82793875169463
"244",3.75131286983777,0.574815148855124,2.60021193912629,0.829282964681138
"245",3.75652042546771,0.575613104655788,2.60382154162879,0.830434171557605
"246",3.75523648622496,0.575416366139821,2.60293158276267,0.830150337876268
"247",3.75373185916643,0.575185811542903,2.60188865475925,0.82981771790264
"248",3.75201971868763,0.574923459582847,2.60070188941365,0.8294392240309
"249",3.75011218291562,0.574631167125038,2.59937968637146,0.82901753515153
"250",3.7546116163016,0.575320617075301,2.60249845593708,0.830012201175715
"251",3.75845570641511,0.575909648517752,2.60516297616107,0.830861993916666
"252",3.75639345654643,0.575593649157962,2.60373353347898,0.830406103207373
"253",3.75415829767575,0.575251154883679,2.60218423940967,0.829911988416333
"254",3.75175973774262,0.574883622600226,2.60052168435462,0.829381751413628
"255",3.74920661685747,0.574492406881205,2.59875199581145,0.82881734643588
"256",3.75734531829898,0.575739503309286,2.60439331376905,0.830616526268182
"257",3.75180487037274,0.574890538290918,2.60055296790993,0.829391728646294
"258",3.74621938932084,0.574034672828965,2.59668140746674,0.828156975788667
"259",3.74059142272603,0.573172297290535,2.59278039828927,0.82691283087599
"260",3.73492340019288,0.572303783964893,2.58885162445106,0.82565983100814
"261",3.74022665377285,0.57311640360014,2.59252755971781,0.82683219332604
"262",3.73566423595206,0.57241730252012,2.58936513266879,0.825823603664815
"263",3.73004147997913,0.571555725407332,2.58546773521918,0.824580610636853
"264",3.72766679764965,0.571191851898493,2.58382173085777,0.824055652130139
"265",3.72515457094927,0.570806902411515,2.58208038800348,0.823500287414283
"266",3.72251176937942,0.570401944885849,2.58024853754655,0.822916057200234
"267",3.71974492654429,0.569977980468239,2.57833070823633,0.822304405837435
"268",3.71686017748119,0.569535949232869,2.57633115255663,0.821666689566249
"269",3.72223597434324,0.570359684703807,2.58005737099482,0.822855088645176
"270",3.72691966020838,0.571077367734037,2.58330385464687,0.823890486393818
"271",3.7309935864302,0.571701617053908,2.58612768512133,0.824791087791875
"272",3.73452391322212,0.572242570418986,2.5885747211836,0.825571518529025
"273",3.73804785382445,0.57278254522572,2.59101733067657,0.826350537504904
"274",3.74108432486313,0.573247824879178,2.59312205201588,0.827021794153575
"275",3.74367863365153,0.573645351836839,2.59492028983806,0.827595304324012
"276",3.75164240628437,0.574865643854656,2.60044035638514,0.829355813566554
"277",3.7516310163227,0.574863898566342,2.60043246146532,0.829353295647757
"278",3.75381493811171,0.575198541762416,2.60194624069594,0.829836083727201
"279",3.75563088508321,0.575476800032241,2.60320495921928,0.830237525553164
"280",3.76247125199444,0.576524952148777,2.6079463402578,0.831749689413787
"281",3.76225017256797,0.576491076061164,2.60779309967665,0.831700816550184
"282",3.75947403949349,0.576065688096519,2.60586883086322,0.831087111443137
"283",3.75659367381455,0.57562432852883,2.60387231351388,0.830450364183583
"284",3.75161528611059,0.574861488219743,2.60042155811314,0.829349818252672
"285",3.7465991901938,0.574092869866349,2.596944665371,0.828240936365894
"286",3.74154730612473,0.573318767680283,2.59344296617202,0.827124142980916
"287",3.73772924070116,0.572733724011322,2.59079648488847,0.826280103381003
"288",3.73749553692873,0.572697913490206,2.59063449377752,0.826228439719776
"289",3.74350563231921,0.573618842774534,2.59480037445233,0.827557059831287
"290",3.73851799910136,0.572854585771712,2.59134321054971,0.82645447004335
"291",3.74318100203085,0.573569099547563,2.59457535788323,0.827485295524417
"292",3.74727705613413,0.574196739531428,2.59741452623635,0.828390788616603
"293",3.75086713316969,0.574746848449879,2.59990297801154,0.829184428025201
"294",3.75400132366778,0.575227101694599,2.60207543331863,0.82987728699973
"295",3.75923055552802,0.576028378952571,2.60570006063904,0.831033285726182
"296",3.76382805587756,0.576732855742292,2.60888680504395,0.832049630897135
"297",3.76012553752131,0.576165517395976,2.60632041488434,0.831231134678399
"298",3.75636100253266,0.575588676216647,2.60371103807084,0.830398928769599
"299",3.77616999319495,0.570875243513215,2.61744158409815,0.823598882782794
"300",3.77230888673102,0.570291527712073,2.61476526903883,0.822756758891198
"301",3.77633169253404,0.570899688956547,2.61755366553914,0.823634150102662
"302",3.7798636427242,0.571433643447079,2.62000182685532,0.824404483598213
"303",3.78295318817166,0.571900715907494,2.62214333657145,0.82507832672059
"304",3.78564086540196,0.57230703458385,2.62400629246588,0.825664520659988
"305",3.78796110769199,0.572657805042998,2.62561456186743,0.826170575461892
"306",3.787658998429,0.572612132655529,2.62540515568357,0.826104684134985
"307",3.7921712172369,0.573294282562812,2.62853278742833,0.827088818423365
"308",3.78969172363713,0.572919436749433,2.62681413343044,0.826548030227305
"309",3.79367707865614,0.573521936245235,2.62957657102539,0.827417253262037
"310",3.79718412446076,0.574052125731232,2.63200746993696,0.828182155004215
"311",3.79260931821541,0.573360513956854,2.62883645588638,0.8271843701271
"312",3.78800157770918,0.572663923234435,2.62564261354574,0.826179402146337
"313",3.78336243522214,0.571962585211583,2.62242700501064,0.825167585258782
"314",3.78789189003583,0.572647340830214,2.62556658384422,0.826155478794002
"315",3.78430939654836,0.572105745286123,2.62308338858401,0.825374121588375
"316",3.78067262922031,0.571555944711005,2.62056257356421,0.824580927025174
"317",3.78344905857338,0.571975680789066,2.62248704774232,0.825186478183474
"318",3.77889651325839,0.571287434385967,2.61933146379286,0.824193548510814
"319",3.77526518561745,0.570738456173909,2.61681441927686,0.823401540366721
"320",3.77931729498754,0.571351047484035,2.61962312746205,0.824285322811932
"321",3.77479130892026,0.570666816264849,2.61648595298026,0.823298185825191
"322",3.78722770671896,0.572546930675629,2.62510620705076,0.826010617561928
"323",3.79079812542639,0.573086700774094,2.62758103271123,0.826789341206203
"324",3.80313574675086,0.574951882318006,2.6361328201471,0.829480229369963
"325",3.80492753550351,0.575222762030078,2.63737479346916,0.829871026187246
"326",3.80644437643047,0.575452075576638,2.63842618748104,0.830201855703676
"327",3.80996675978668,0.57598458376876,2.64086771757325,0.830970102631683
