"","empEntropy","evenness_log2","entropy","evenness"
"1",0,1,0,1
"2",0,1,0,1
"3",0,1,0,1
"4",0,1,0,1
"5",0,1,0,1
"6",0,1,0,1
"7",0,1,0,1
"8",0,1,0,1
"9",0,1,0,1
"10",0,1,0,1
"11",0,1,0,1
"12",0.439496986921513,0.304636097349238,0.304636097349238,0.439496986921513
"13",0.650022421648354,0.450561208866305,0.450561208866305,0.650022421648354
"14",0.619382194678764,0.429323021930616,0.429323021930616,0.619382194678764
"15",0.74959525725948,0.519579839130515,0.519579839130515,0.74959525725948
"16",0.836640741941167,0.579915171418101,0.579915171418101,0.836640741941167
"17",0.811278124459133,0.562335144618808,0.562335144618808,0.811278124459133
"18",0.787126586201269,0.545594573969184,0.545594573969184,0.787126586201269
"19",0.76420450650862,0.529706199057654,0.529706199057654,0.76420450650862
"20",0.742487569542124,0.514653165428929,0.514653165428929,0.742487569542124
"21",0.721928094887362,0.500402423538188,0.500402423538188,0.721928094887362
"22",0.70246655129039,0.486912709464602,0.486912709464602,0.70246655129039
"23",0.684038435639042,0.474139313057837,0.474139313057837,0.684038435639042
"24",0.66657835799492,0.462036909466457,0.462036909466457,0.66657835799492
"25",0.650022421648354,0.450561208866305,0.450561208866305,0.650022421648354
"26",0.634309554640566,0.439669879401343,0.439669879401343,0.634309554640566
"27",0.845106415127478,0.369588005175014,0.585783128918734,0.533202782238038
"28",0.968270247409618,0.423450896602717,0.671153792012057,0.610910508588724
"29",1.15597399783068,0.400630058698471,0.801260117396942,0.577986998915338
"30",1.13013631891997,0.391675401553885,0.78335080310777,0.565068159459984
"31",1.23664074194117,0.42858702182104,0.857174043642079,0.618320370970584
"32",1.28590159798503,0.445659533560424,0.891319067120848,0.642950798992513
"33",1.26088857925787,0.436990681856414,0.873981363712829,0.630444289628936
"34",1.41858910530548,0.423480400138424,0.983291038715549,0.610953073193378
"35",1.5682991511401,0.420533038519532,1.08706213488732,0.606700929202097
"36",1.59923444569816,0.428828211929873,1.10850484709003,0.618668334744509
"37",1.68237777939681,0.451122758686158,1.1661354144256,0.650832566788669
"38",1.74170775763431,0.467031851033353,1.20725982156361,0.673784535423011
"39",1.71361797334363,0.459499689627457,1.18778946677999,0.662917923515551
"40",1.73551832209624,0.465372179068566,1.20296963177113,0.671390134909911
"41",1.8607912955405,0.459436827876771,1.28980224011439,0.662827233179574
"42",1.93205268818212,0.47703155129568,1.3391968735067,0.688211053401846
"43",1.9041560727565,0.470143765153107,1.31986041317727,0.678274078491252
"44",1.91809516757346,0.473585383523486,1.3295222574492,0.683239284246831
"45",1.89201525105021,0.467146147620219,1.31144503684187,0.673949430542074
"46",1.86658976165018,0.460868492396252,1.29382143054988,0.664892688482045
"47",1.91721983512787,0.473369260434829,1.32891552323249,0.682927484538605
"48",1.89255240865764,0.46727877398612,1.31181736612298,0.67414076994245
"49",1.99921848359741,0.461917551742958,1.38575265522887,0.666406161199136
"50",1.97407262242079,0.456107624150516,1.36832287245155,0.658024207473596
"51",1.98544521225458,0.458735250343501,1.3762057510305,0.661815070751526
"52",1.96172303048986,0.453254262541187,1.35976278762356,0.653907676829954
"53",1.99869105692186,0.461795690305256,1.38538707091577,0.666230352307288
"54",2.02790968366062,0.46854662655319,1.40563987965957,0.67596989455354
"55",2.05117073572408,0.473921070771406,1.42176321231422,0.683723578574695
"56",2.06967944374642,0.478197490365236,1.43459247109571,0.689893147915474
"57",2.08430259378261,0.481576155438065,1.4447284663142,0.694767531260869
"58",2.09569255107034,0.484207794364963,1.45262338309489,0.698564183690115
"59",2.10435666181251,0.486209629009294,1.45862888702788,0.701452220604171
"60",2.1926394674589,0.479450417332297,1.5198218648536,0.691700739437448
"61",2.27838707340396,0.475403901302002,1.57925757615418,0.685862850827665
"62",2.32893059441086,0.4859502159966,1.61429167523569,0.701077966737215
"63",2.41048322438246,0.482975192157694,1.67081965076775,0.696785914598299
"64",2.45807021981304,0.492509935245639,1.70380444248177,0.710541641167428
"65",2.50452794793323,0.501818413288172,1.7360064857435,0.723970936277614
"66",2.53828936942173,0.5085830025896,1.75940811985996,0.733730175716434
"67",2.56393637189976,0.513721750631818,1.77718526731742,0.741143822033321
"68",2.58370334259643,0.517682349226335,1.79088668732402,0.746857757984582
"69",2.59893363041798,0.520733957763921,1.80144351838665,0.751260298488491
"70",2.60048890326024,0.521045579181672,1.80252155137226,0.751709873162516
"71",2.58031414628104,0.517003274705042,1.78853747545365,0.745878060540319
"72",2.65076372589236,0.512521233503352,1.83736940293287,0.73941184192558
"73",2.63037312193562,0.508578740481546,1.82323571329034,0.733724026794282
"74",2.61019796623193,0.504677904059809,1.80925136099696,0.728096309433322
"75",2.65117307828692,0.512600381181489,1.83765314439101,0.739526027888326
"76",2.71798214031841,0.509118321300582,1.88396165737399,0.734502477366063
"77",2.69764498808841,0.505308871396633,1.86986501764515,0.729006602881122
"78",2.73663755463006,0.512612756777778,1.89689260520629,0.73954388209972
"79",2.76519248259101,0.517961517821011,1.91668537301352,0.747260513131693
"80",2.80281417312449,0.525008617816543,1.94276274173469,0.757427329347896
"81",2.78283398964088,0.521266033447221,1.92891353388596,0.752027921438166
"82",2.76306083154428,0.517562227999929,1.91520782510053,0.746684459686941
"83",2.79078602436526,0.522755567359068,1.93442546433488,0.754176864626024
"84",2.81214879425574,0.526757130645168,1.94923300805342,0.759949900134684
"85",2.83320985877394,0.530702180045329,1.9638314255438,0.765641403340357
"86",2.83697927364008,0.531408247292963,1.96644418483063,0.766660043057054
"87",2.8534201990424,0.534487876190184,1.97784016591903,0.771103008394852
"88",2.91116611898971,0.529991720979048,2.01786658751936,0.764616427568679
"89",2.96778807560622,0.526534820150364,2.05711393710588,0.759629173886293
"90",3.00084992774466,0.532400540992306,2.08003066669973,0.768091620256202
"91",3.02496954867525,0.536679761726822,2.09674911394394,0.774265230788757
"92",3.07900871394707,0.533551552247979,2.13420620899192,0.769752178486768
"93",3.13204544204725,0.531128612505402,2.17096846754068,0.766256615335779
"94",3.16260484025967,0.536310839606472,2.19215062825122,0.773732988675253
"95",3.18464835390039,0.540048952935724,2.20743002758093,0.779125946237646
"96",3.20122908950044,0.542860694737216,2.21892291771371,0.783182432190919
"97",3.19969873517385,0.542601179035683,2.21786215692698,0.782808030175284
"98",3.20934113061567,0.544236325206772,2.22454575614132,0.785167047447444
"99",3.22190273700431,0.54636650776494,2.23325279819291,0.7882402512603
"100",3.23435927693511,0.548478873275749,2.24188701372548,0.791287750507289
"101",3.24380747476277,0.550081087641962,2.24843600541109,0.793599257227866
"102",3.25081959214515,0.551270194327972,2.25329643480444,0.79531477554686
"103",3.29843925421393,0.548284170222687,2.28630386930663,0.791006853378191
"104",3.3074062021234,0.549774704143447,2.29251928396831,0.793157239273948
"105",3.31401255534073,0.550872847420554,2.29709845907468,0.794741525134016
"106",3.3410224230829,0.555362571736054,2.31582027274747,0.801218828138946
"107",3.34549648780061,0.556106274642856,2.31892145809219,0.802291764634484
"108",3.34832431827203,0.556576331710475,2.32088156081056,0.802969913634873
"109",3.35289878887261,0.557336724618801,2.32405234220991,0.804066928712842
"110",3.35437939843468,0.557582839439355,2.32507862255336,0.804421997343945
"111",3.35463967872973,0.557626104618612,2.32525903510604,0.804484415803502
"112",3.36933193549174,0.560068329921735,2.33544293145668,0.808007802137051
"113",3.35363357561451,0.557458864791174,2.32456165756837,0.804243139733818
"114",3.33798195547526,0.55485716898922,2.31371278119765,0.800489686102438
"115",3.36369473535587,0.559131284440322,2.33153552207625,0.806655931267929
"116",3.36707625270792,0.559693378295195,2.33387941129484,0.807466861284868
"117",3.40955352273798,0.556347160768342,2.36332241125406,0.802639289853142
"118",3.4113258928049,0.556636363752834,2.36455092456886,0.803056521564679
"119",3.40981500647824,0.556389827861118,2.36350365797138,0.802700845456298
"120",3.40749875798662,0.556011878589064,2.36189815685994,0.8021555799158
"121",3.40446266512053,0.555516470133202,2.35979369764989,0.801440856593313
"122",3.40078065277516,0.554915665042273,2.35724152117392,0.800574078068088
"123",3.41891045045965,0.557873958965452,2.36980813932304,0.80484199404055
"124",3.41993444775606,0.558041047701467,2.37051792016195,0.805083052131388
"125",3.41577521858053,0.557362373696979,2.36763496218562,0.804103932510734
"126",3.41594414396104,0.557389937762246,2.36775205233685,0.804143699051
"127",3.42985825615494,0.559660345533252,2.37739657997405,0.807419205083027
"128",3.44077310756032,0.561441354849897,2.38496217845192,0.809988658391927
"129",3.47980648000075,0.558088426635337,2.41201805050675,0.805151405484325
"130",3.50281818131547,0.561779023872495,2.42796854639293,0.810475811816291
"131",3.50375829444353,0.561929798422606,2.42862018315705,0.810693333512029
"132",3.49914041267679,0.561189186441912,2.42541931143028,0.809624856280258
"133",3.49835483551052,0.561063196238939,2.42487479083237,0.809443090839228
"134",3.49340906559598,0.560269997833805,2.4214466443604,0.808298747433701
"135",3.50169148353775,0.56159832503373,2.42718757900496,0.81021511849771
"136",3.48912127296154,0.559582325269585,2.41847457298502,0.807306645635545
"137",3.48963537098785,0.559664775877195,2.41883091858249,0.807425596718262
"138",3.49623467123954,0.560723166082377,2.42340520494562,0.808952531018604
"139",3.50131604408707,0.561538112371466,2.42692734420825,0.810128249988463
"140",3.51786446514412,0.564192134175295,2.43839783560667,0.813957194083258
"141",3.553928385134,0.560841852479129,2.46339544006759,0.809123759294619
"142",3.55348174402493,0.560771368496375,2.46308585204212,0.809022072402237
"143",3.55396108440356,0.560847012717864,2.4634181054741,0.809131203945452
"144",3.55366306187252,0.56079998208295,2.46321153199696,0.809063353081692
"145",3.55266780779987,0.560642922041975,2.46252167444256,0.808836763339456
"146",3.55104408374023,0.56038668378649,2.46139619468861,0.808467089678981
"147",3.54885149740259,0.560040673948907,2.45987640965054,0.807967903002201
"148",3.54614217288425,0.559613118180426,2.45799844899944,0.807351070415311
"149",3.54296203453661,0.559111263756603,2.45579414506998,0.806627047526812
"150",3.53935181085724,0.558541538000544,2.45329172870543,0.805805107003879
"151",3.53534783133953,0.557909674032943,2.45051638159171,0.804893519991305
"152",3.53098266744389,0.557220811923102,2.44749068054477,0.803899702041582
"153",3.56489637624583,0.554106012491844,2.47099787218316,0.799405996348741
"154",3.56445983336565,0.554038158896932,2.47069528371657,0.799308104303855
"155",3.55403054922154,0.552417093811073,2.46346625481682,0.796969401743527
"156",3.58732167826199,0.549686713966504,2.48654190704887,0.793030296282026
"157",3.60742515035649,0.552767176915201,2.50047657205064,0.797474464901753
"158",3.61368997094912,0.553727137842602,2.50481901478113,0.798859395771161
"159",3.6287110036256,0.556028816597075,2.51523080122993,0.80218001629596
"160",3.62759107060222,0.555857208818712,2.51445452281236,0.801932438605137
"161",3.62594027782279,0.555604257190799,2.51331028045161,0.801567506545961
"162",3.64077440462086,0.557877296283893,2.52359251361776,0.804846808773315
"163",3.6386166292195,0.557546659509098,2.52209685768203,0.804369800737982
"164",3.6360190238111,0.557148627409056,2.52029633481699,0.803795561801138
"165",3.63301809615514,0.556688794082133,2.51821625027319,0.803132162540751
"166",3.62964645588071,0.556172156314643,2.51587920732311,0.802386811795657
"167",3.62593338248639,0.555603200615685,2.51330550096863,0.801565982230285
"168",3.65704798043304,0.552866571190255,2.5348724968096,0.797617860529466
"169",3.64747151501271,0.551418816709213,2.52823459680378,0.795529192319242
"170",3.66635806051475,0.554274053968667,2.54132575256903,0.799648428954017
"171",3.68507262728655,0.557103291763137,2.5542977017623,0.803730156289596
"172",3.67544425715454,0.555647690412125,2.54762382415191,0.801630167438979
"173",3.67231271275802,0.555174268618838,2.54545320298267,0.800947164165555
"174",3.66884871783911,0.554650587495788,2.54305214467115,0.800191652006323
"175",3.66507749052313,0.554080459478185,2.54043812908983,0.799369131142655
"176",3.66102188722693,0.553467339961986,2.53762699909959,0.798484586657163
"177",3.65184544249282,0.552080059958277,2.53126637230459,0.796483164675487
"178",3.65216815135757,0.552128846560066,2.53149005704433,0.796553548863951
"179",3.65195360175448,0.552096411299702,2.53134134259186,0.796506754674673
"180",3.65124901376932,0.55198989283302,2.53085295941649,0.796353081011028
"181",3.65756887346484,0.552945318952382,2.53523355234597,0.797731469535368
"182",3.65643136544273,0.552773352337984,2.53444509186758,0.797483374153578
"183",3.65325146355808,0.552292619938219,2.53224095184178,0.796789823904442
"184",3.65845735908082,0.553079638764068,2.53584940364566,0.797925252061581
"185",3.65700132878041,0.552859518469217,2.53484016034812,0.7976076856038
"186",3.66123832304671,0.553500060377526,2.53777702097785,0.798531792238399
"187",3.6594359446492,0.553227579740151,2.53652770747332,0.798138685774119
"188",3.6558483198377,0.552685208450831,2.53404095545031,0.797356209404696
"189",3.65377200416882,0.552371314421903,2.53260176309848,0.796903356045797
"190",3.67148280870966,0.555048805073352,2.54487795733141,0.80076615853067
"191",3.66833983616806,0.554573655591663,2.54269941477562,0.800080662729756
"192",3.66494101788421,0.554059827766393,2.54034353346493,0.799339365874368
"193",3.66130376912738,0.553509954409655,2.53782238474414,0.798546066309485
"194",3.65871969945631,0.553119298955746,2.53603124413727,0.797982469623435
"195",3.65586265880072,0.552687376191961,2.53405089446211,0.797359336794075
"196",3.65376190576208,0.55236978776118,2.53259476341632,0.796901153539944
"197",3.6501135814373,0.551818240018077,2.53006593769683,0.796105438346156
"198",3.65377352798043,0.552371544789265,2.5326028193242,0.796903688395648
"199",3.64995584579927,0.551794393800631,2.52995660368405,0.796071035526501
"200",3.647729228387,0.551457777398368,2.52841323010255,0.795585400712275
"201",3.64461875094355,0.550987540472814,2.52625721143243,0.794906992231736
"202",3.64187426434196,0.550572633448017,2.52435487828245,0.794308407924631
"203",3.63889481185431,0.550122204662373,2.52228967919103,0.793658576549309
"204",3.63569554551724,0.549638544776157,2.52007211674963,0.792960802829988
"205",3.6322904138571,0.549123762504919,2.51771185933997,0.792218129000136
"206",3.62869229172722,0.548579804248065,2.51521783113033,0.791433363120521
"207",3.63962376459889,0.550232406553791,2.52279495073069,0.793817564271555
"208",3.63584384574348,0.549660964563381,2.52017491063332,0.792993147745835
"209",3.63290533323359,0.549216725017049,2.51813808897205,0.792352245555375
"210",3.62976256773875,0.548741606836352,2.51595968993014,0.791666794912246
"211",3.6264281023961,0.548237507784163,2.51364841467921,0.790939533709537
"212",3.62291355720107,0.547706184552511,2.51121231758632,0.790172996318122
"213",3.61658661014979,0.546749686978222,2.50682681207618,0.788793062011075
"214",3.61481664184587,0.546482106046132,2.50559996353664,0.788407024327311
"215",3.62566176727606,0.548121654485965,2.51311723165139,0.790772392730756
"216",3.63474188509083,0.549494371942535,2.51941108971385,0.792752805397892
"217",3.63119663930809,0.548958407445921,2.51695371259515,0.791979572076533
"218",3.62749319497674,0.54839852674979,2.51438668059852,0.791171834972736
"219",3.62364070776543,0.547816113993253,2.51171633994985,0.79033159097713
"220",3.63135946581854,0.548983023293187,2.51706657533179,0.792015085237311
"221",3.63793992948615,0.549977847097583,2.52162780516977,0.793450312606471
"222",3.63397786062536,0.549378867965342,2.51888150830973,0.792586168382791
"223",3.63961463223795,0.550231025938305,2.52278862066046,0.793815572464439
"224",3.63554292845582,0.549615472376805,2.5199663306638,0.792927516393862
"225",3.63235548613735,0.549133600026509,2.51775696400755,0.792232321543748
"226",3.62901122943982,0.5486280207332,2.51543890190659,0.791502924804515
"227",3.62551898109713,0.548100068303454,2.51301825981404,0.790741250452295
"228",3.62188698193096,0.547550988571301,2.51050074983221,0.789949095845665
"229",3.61812294232091,0.546981947179401,2.50789171638899,0.789128142651511
"230",3.6142340877871,0.546394036470143,2.50519616783327,0.788279966786778
"231",3.6178703630005,0.546943762648168,2.50771664174518,0.789073054017662
"232",3.63377272874466,0.549347856460945,2.51873932172498,0.792541428239188
"233",3.63678129499509,0.549802686617939,2.52082470093899,0.793197609451129
"234",3.63927414140142,0.550179551086917,2.52255261039711,0.793741309951611
"235",3.63551144715401,0.549610713084754,2.51994450948821,0.792920650186821
"236",3.65968432635871,0.546248584988593,2.53669987255496,0.788070124655657
"237",3.67520378771575,0.548565037187765,2.5474571434384,0.791412058755858
"238",3.68743289762973,0.550390367842124,2.55593371649604,0.794045454238885
"239",3.68346084015882,0.549797494091416,2.55318049605905,0.793190118218865
"240",3.67954738468225,0.549213367340075,2.55046789542922,0.792347401451454
"241",3.67552469292232,0.548612935858626,2.54767957797756,0.791481161930774
"242",3.67139851619978,0.547997058095655,2.54481953021585,0.790592638136342
"243",3.66717427590251,0.547366543253591,2.54189150996378,0.78968299750049
"244",3.67576571707705,0.548648911394145,2.54784664319086,0.791533063657461
"245",3.67145534417621,0.54800554030312,2.54485892036749,0.790604875374988
"246",3.66705706234871,0.547349047827157,2.54181026371945,0.789657756935536
"247",3.66257542262557,0.546680113258249,2.53870382778107,0.788692688350293
"248",3.6674184892343,0.547402994809253,2.54206078574617,0.789735585979076
"249",3.67742432708696,0.548896477383494,2.54899630404288,0.791890225882588
"250",3.67288745594816,0.54821929891157,2.54585158460445,0.790913263859346
"251",3.66827583937524,0.547530963852362,2.54265505557911,0.789920206282957
"252",3.66359331715194,0.546832045336295,2.53940937850213,0.788911880005841
"253",3.66010538416319,0.546311432548488,2.53699172758499,0.788160794518649
"254",3.66498049593607,0.547039097196614,2.54037089756528,0.789210592697931
"255",3.66140602571539,0.546505567764564,2.53789326360982,0.788440872432143
"256",3.65678778763451,0.545816244371655,2.5346921449049,0.787446388991625
"257",3.65316921258993,0.545276131804146,2.5321839398151,0.786667171268958
"258",3.66053187951734,0.546375091723142,2.53728735163724,0.788252635294229
"259",3.66692289279943,0.54732902152983,2.54171726447465,0.789628865095695
"260",3.67248766566902,0.548159625766348,2.54557447109965,0.790827173708661
"261",3.67733563566106,0.548883239201842,2.54893482783108,0.791871127223569
"262",3.68155227223496,0.549512619103632,2.55185757758372,0.792779130486715
"263",3.68520624998191,0.550058015918181,2.55439032195685,0.793565971766382
"264",3.68158352857968,0.549517284460683,2.55187924283094,0.792785861174197
"265",3.67787239753548,0.548963356880918,2.54930688281096,0.791986712601858
"266",3.68940846619234,0.550685243420354,2.55730307627521,0.794470869773276
"267",3.68560453463353,0.550117464331752,2.55466639184018,0.79365173769783
"268",3.68172074694494,0.5495377658277,2.55197435535394,0.792815409540824
"269",3.67776090279311,0.548946715050689,2.54922960054464,0.791962703515916
"270",3.68012692141498,0.549299869642451,2.55086959968155,0.792472197894118
"271",3.70174436124675,0.545875241681983,2.56585366715186,0.787531504118661
"272",3.69769283551662,0.545277786166073,2.56304536351505,0.786669558008706
"273",3.69963923166498,0.545564810164548,2.56439450251754,0.787083646107921
"274",3.69554658249126,0.544961290407697,2.56155769428176,0.786212951147635
"275",3.69975311074557,0.545581603266549,2.56447343748118,0.7871078734329
"276",3.70787661255263,0.546779529994999,2.57010421985501,0.788836116383384
"277",3.70374219260585,0.546169850539203,2.56723845832565,0.787956534855974
"278",3.699656494707,0.545567355847424,2.56440646834645,0.787087318751983
"279",3.69550850089778,0.544955674731135,2.5615312981326,0.786204849438907
"280",3.69130110647226,0.544335234142929,2.55861495454905,0.785309742879136
"281",3.68703707258184,0.543706441254139,2.5556593514801,0.784402586496732
"282",3.69129884563884,0.544334900750649,2.55861338745874,0.785309261895748
"283",3.68699921300384,0.54370085831694,2.55563310922035,0.784394532020923
"284",3.68877010016316,0.543962001000429,2.55686059466192,0.784771281275356
"285",3.69984841571098,0.54559565734915,2.56453949784924,0.787128149188173
"286",3.70128091544274,0.545806899958303,2.56553243099947,0.787432907852822
"287",3.71055940434306,0.547175146081382,2.57196378942058,0.789406869749303
"288",3.71020174303631,0.547122403797418,2.57171587749421,0.789330778717784
"289",3.71134107981312,0.54729041532866,2.57250560556877,0.789573168120719
"290",3.71221238783399,0.547418902179737,2.57310955026683,0.789758535463588
"291",3.71283294759772,0.547510412607781,2.57353968951743,0.789890557104315
"292",3.71321834881344,0.547567245538758,2.57380682928349,0.789972549691995
"293",3.71216647483619,0.547412131650407,2.57307772580185,0.789748767654498
"294",3.70804923174788,0.546804985168489,2.57022387036352,0.788872840435942
"295",3.70826362655318,0.546836600754206,2.57037247751833,0.788918452084672
"296",3.70461627244913,0.546298746135208,2.56784432430461,0.788142491893123
"297",3.70090853620985,0.545751987305264,2.5652743173841,0.787353685640601
"298",3.696857207479,0.545154560839719,2.56246615029678,0.786491781441463
"299",3.70064283216451,0.545712805436983,2.5650901453742,0.787297158153539
"300",3.69656088443998,0.545110863762138,2.56226075481775,0.786428739884335
"301",3.70197431821829,0.545909152132076,2.56601306117834,0.787580426556844
"302",3.69831954782161,0.545370203874473,2.56347976738228,0.786802888578305
"303",3.69460930302648,0.544823075122028,2.56090802166335,0.786013548640425
"304",3.6905763567759,0.54422835941657,2.55811259634041,0.785155555241422
"305",3.68685431018044,0.543679490319579,2.55553267023685,0.784363704517095
"306",3.68308126018628,0.543123100040715,2.55291739127129,0.783561003020979
"307",3.68650884026078,0.54362854583031,2.55529320873607,0.784290207155066
"308",3.68953738259711,0.54407514778832,2.5573924343177,0.784934517585139
"309",3.68574991051207,0.543516630765528,2.55476715872051,0.784128747846105
"310",3.68191564530457,0.542951213426413,2.55210944860241,0.783313023054931
"311",3.67803655813001,0.542379186446084,2.54942067026422,0.782487762567155
"312",3.67799090729533,0.542372454576461,2.54938902751687,0.782478050532235
"313",3.67835424860244,0.542426034457856,2.54964087651948,0.782555349961415
"314",3.69768987977268,0.539033428989286,2.56304331474948,0.777660854876216
"315",3.71054760646787,0.540907773440785,2.57195561175666,0.780364962321311
"316",3.72094181450403,0.542422996669755,2.57916032775107,0.782550967359586
"317",3.72973338513577,0.543704594266609,2.58525418014716,0.784399921856983
"318",3.74003034173807,0.545205640597145,2.59239148658439,0.786565473954191
"319",3.75894001747547,0.541981758628275,2.60549867500708,0.781914395425292
"320",3.754977788074,0.541410465644318,2.60275226686871,0.781090193870442
"321",3.75959673736121,0.54207644760893,2.60595387854429,0.782051002748109
"322",3.76370054523987,0.542668154047662,2.60879842140494,0.78290465469293
"323",3.75972384316346,0.542094774324951,2.60604198157276,0.782077442610428
"324",3.75570862265299,0.54151584083215,2.6032588427966,0.78124221813136
"325",3.75165649895443,0.540931586463068,2.60045012467966,0.780399317250468
"326",3.75422837608088,0.541302411877011,2.6022328140586,0.780934305236199
"327",3.75054091730554,0.540770736622116,2.59967686240505,0.780167259982599
"328",3.74681075696631,0.54023290445368,2.59709131228287,0.779391332180365
"329",3.74281591844517,0.539656909732547,2.59432230122515,0.778560347452608
"330",3.76123424101574,0.536660993980922,2.60708890958559,0.774238154654817
"331",3.75746887129211,0.536123742927383,2.60447895417788,0.773463065224164
"332",3.75485658720142,0.535751016612872,2.60266825682561,0.77292533481861
"333",3.75086715742473,0.535181796188887,2.59990299482385,0.772104123335755
"334",3.74684485692509,0.534607885699428,2.59711494857316,0.771276145518699
"335",3.74279104786872,0.534029479501304,2.59430506225521,0.770441681765046
"336",3.73912753641042,0.533506761804216,2.59176570961693,0.769687559535672
"337",3.74652067763719,0.534561631101144,2.59689024461375,0.771209414239136
"338",3.74282079841708,0.534033724373554,2.59432568376392,0.77044780582119
"339",3.7493251856265,0.53496178433509,2.5988341814194,0.771786713325346
"340",3.74532068269838,0.534390413241429,2.59605847150523,0.770962399082013
"341",3.74128696966924,0.533814874387707,2.59326251469189,0.77013207203191
"342",3.73722525312303,0.533235339931919,2.59044714731965,0.76929598054652
"343",3.73313669638694,0.532651975860092,2.58761317574548,0.768454364093062
"344",3.72902242145178,0.532064942260287,2.58476137767412,0.767607453629788
"345",3.72488351078417,0.53147439358117,2.58189250341428,0.766755471979023
"346",3.72072100903813,0.530880478876227,2.57900727706494,0.765898634179491
"347",3.72083513476461,0.530896762580427,2.57908638299047,0.765922126598788
"348",3.73858317784122,0.528112118767978,2.59138838900948,0.761904734779926
