"","empEntropy","evenness_log2","entropy","evenness"
"1",0,1,0,1
"2",0,1,0,1
"3",1,0.693147180559945,0.693147180559945,1
"4",0.918295834054489,0.636514168294813,0.636514168294813,0.918295834054489
"5",0.811278124459133,0.562335144618808,0.562335144618808,0.811278124459133
"6",0.721928094887362,0.500402423538188,0.500402423538188,0.721928094887362
"7",0.918295834054489,0.636514168294813,0.636514168294813,0.918295834054489
"8",0.863120568566631,0.598269588585257,0.598269588585257,0.863120568566631
"9",0.811278124459133,0.562335144618808,0.562335144618808,0.811278124459133
"10",0.76420450650862,0.529706199057654,0.529706199057654,0.76420450650862
"11",0.721928094887362,0.500402423538188,0.500402423538188,0.721928094887362
"12",0.684038435639042,0.474139313057837,0.474139313057837,0.684038435639042
"13",0.650022421648354,0.450561208866305,0.450561208866305,0.650022421648354
"14",0.991264260535429,0.433506803515759,0.687092027379972,0.625418115623811
"15",0.946372935985442,0.413874607151954,0.655975732336547,0.597094843287992
"16",0.90558726169826,0.396037923238906,0.62770525719715,0.571361947860734
"17",0.868392729010363,0.379771743153806,0.601923971732289,0.547894810517753
"18",0.834347023085254,0.364882630596617,0.578325286660127,0.526414361668258
"19",1.09753783984195,0.380377629622151,0.760755259244303,0.548768919920977
"20",1.33724493929588,0.399197357330722,0.926907559390993,0.575920047757012
"21",1.45677964944704,0.434881126997305,1.00976270671132,0.627400845295215
"22",1.6636046175975,0.446088811707138,1.15312285025421,0.643570116445939
"23",1.76384212278246,0.472967091019095,1.22260219435953,0.682347276716927
"24",1.71472026326885,0.459795264187479,1.18855351593381,0.663344347467506
"25",1.66829583405449,0.44734674231915,1.15637455371477,0.64538492670167
"26",1.73366068968819,0.464874062494032,1.20168201910498,0.670671504598046
"27",1.90217481421173,0.469654584478629,1.318487109403,0.677568339958084
"28",1.85704469462942,0.458511777097551,1.28720529425619,0.661492667007823
"29",1.89710962558418,0.468403969108053,1.31497618818681,0.675764083364895
"30",1.92361862355197,0.474949146939494,1.33335082538765,0.685206778964051
"31",2.07034030308543,0.47835018129443,1.43505054388329,0.690113434361811
"32",2.08333684891647,0.481353020994363,1.44405906298309,0.694445616305489
"33",2.08942647638566,0.482760023698006,1.44828007109402,0.696475492128552
"34",2.09024659507798,0.482949511351108,1.44884853405332,0.696748865025992
"35",2.1613784794487,0.499384466384269,1.49815339915281,0.720459493149566
"36",2.15739177939535,0.498463343083697,1.49539002925109,0.719130593131783
"37",2.15030974449427,0.496827045575594,1.49048113672678,0.716769914831425
"38",2.27144933184167,0.496683265198531,1.57444870015082,0.716562483594458
"39",2.26001656327869,0.494183334981943,1.5665241088554,0.712955846668418
"40",2.30346622890252,0.503684194847626,1.59664112207883,0.72666269008082
"41",2.27524596155898,0.497513449882075,1.57708032333501,0.71776018692043
"42",2.26406206469665,0.495067938844978,1.56932823675721,0.71423206027477
"43",2.23791122596339,0.489349702568414,1.55120185661998,0.70598238915594
"44",2.29870521362662,0.502643134155783,1.59334103776374,0.725160756983434
"45",2.32920041945362,0.509311325336949,1.61447870370332,0.734780923332202
"46",2.35096835769592,0.514071180857946,1.62956708872257,0.741647943287691
"47",2.36617178717856,0.517395617327558,1.6401053030033,0.746444091296151
"48",2.37625571936944,0.519600606140822,1.64709495217037,0.749625217722264
"49",2.35351257653773,0.514627508883411,1.6313306068395,0.742450554971139
"50",2.33083840857621,0.509669493918728,1.61561407124543,0.735297651368937
"51",2.33869187203457,0.511386760431758,1.62105767729922,0.73777514325117
"52",2.34325787334427,0.51238517866967,1.62422258823347,0.739215556291738
"53",2.34510324052799,0.512788693282764,1.62550169929397,0.739797704822974
"54",2.34467585660059,0.51269523997893,1.62520545932968,0.739662880204979
"55",2.34233628187344,0.512183660170228,1.62358378970384,0.738924826551946
"56",2.39449124269445,0.52358805113495,1.65973485374914,0.75537788484111
"57",2.48096624534936,0.517673684952718,1.7196747580283,0.746845258080001
"58",2.47562804534295,0.516559826320617,1.7159745997446,0.745238299755219
"59",2.52412009473374,0.526678084860449,1.7495867270594,0.759835861173067
"60",2.5585952574126,0.533871606552556,1.77348308886959,0.770213919244796
"61",2.63824360019176,0.528610278998253,1.82869111310324,0.76262342807371
"62",2.68288783387427,0.537555397190091,1.85963613780853,0.775528505729241
"63",2.71429780672286,0.54384883973255,1.88140787192999,0.784608024075367
"64",2.70807558136739,0.542602126850955,1.87709495396804,0.782809397583677
"65",2.7311720929346,0.547229847135216,1.89310423584162,0.789485786688401
"66",2.72387183417987,0.545767134663625,1.88804408206842,0.78737553865939
"67",2.71712910120496,0.544416130549063,1.8833703757176,0.785426451723091
"68",2.78848484421702,0.53914940739669,1.93283040780317,0.777828176349428
"69",2.85805855892489,0.535356709712647,1.98105523199401,0.772356470209068
"70",2.89693762781976,0.542639335303102,2.00800414898128,0.782863078033069
"71",2.92422046408363,0.547749814725661,2.02691517001526,0.79023594135256
"72",2.93898628605777,0.550515671934428,2.03715005788529,0.794226229831455
"73",2.95868706154555,0.554205919046751,2.05080559486948,0.799550131040058
"74",2.97812258394298,0.557846480325576,2.06427727242198,0.804802350743072
"75",2.99237384340138,0.560515952351992,2.07415549273499,0.808653584797373
"76",3.05463356189801,0.556110655407227,2.11731064107339,0.802298084741518
"77",3.06801270924257,0.558546393196329,2.12658435933357,0.805812111570761
"78",3.07751823356286,0.560276919379791,2.13317308671592,0.80830873311377
"79",3.0839231278463,0.561442961029503,2.13761262113027,0.809990975619279
"80",3.087782208369,0.562145525103149,2.14028753191413,0.811004561324235
"81",3.14612953682686,0.558175552849911,2.1807308181279,0.805277102042022
"82",3.13782192053695,0.556701643952898,2.17497241731938,0.803150700985579
"83",3.17018280132343,0.562443000852627,2.19740327059696,0.811433728112792
"84",3.1790826939969,0.564021989401945,2.20357220611087,0.813711727062514
"85",3.21059826563528,0.569613374440839,2.22541713573575,0.821778390529827
"86",3.2027462393686,0.568220294769105,2.21997452586732,0.819768601395853
"87",3.19415498387366,0.566696063573462,2.21401952134353,0.817569600608731
"88",3.18491696030274,0.565057084995631,2.20761621135139,0.81520505434237
"89",3.17511241048722,0.563317595267168,2.20082021529011,0.81269550113744
"90",3.16237477873186,0.561057728162582,2.19199116175187,0.809435202072585
"91",3.18469967909593,0.565018535706317,2.20746560349551,0.815149439473847
"92",3.17487397777558,0.563275293350137,2.20065494632828,0.812634472371519
"93",3.1818501111594,0.564512975099313,2.20549043351449,0.814420069693253
"94",3.18662111996635,0.565359431180442,2.20879744481745,0.815641247683828
"95",3.23771645512257,0.561053508080187,2.24421403232075,0.809429113780642
"96",3.26684502647646,0.566101104857109,2.26440441942844,0.816711256619114
"97",3.25669224636182,0.564341762129283,2.25736704851713,0.814173061590456
"98",3.24615976590772,0.562516622346517,2.25006648938607,0.81153994147693
"99",3.23529272033185,0.560633506846034,2.24253402738414,0.808823180082962
"100",3.22413129169517,0.5586993786484,2.2347975145936,0.806032822923792
"101",3.24023198969576,0.56148941700444,2.24595766801776,0.81005799742394
"102",3.25254751758018,0.563623535361988,2.25449414144795,0.813136879395045
"103",3.24724199345968,0.562704158090608,2.25081663236243,0.811810498364919
"104",3.2413008199069,0.561674631166276,2.2466985246651,0.810325204976724
"105",3.23479210685102,0.560546757140338,2.24218702856135,0.808698026712756
"106",3.23846764540757,0.561183679437216,2.24473471774886,0.809616911351893
"107",3.25894343485271,0.564731863368126,2.2589274534725,0.814735858713179
"108",3.26107894878242,0.565101919732981,2.26040767893192,0.815269737195604
"109",3.27667794176494,0.567805019234334,2.27122007693734,0.819169485441236
"110",3.28876897617622,0.56990023583739,2.27960094334956,0.822192244044054
"111",3.28962571485544,0.570048697337386,2.28019478934954,0.82240642871386
"112",3.28011032687614,0.568399806249939,2.27359922499975,0.820027581719034
"113",3.27034403269447,0.566707436430803,2.26682974572321,0.817586008173618
"114",3.27438653213508,0.567407948203222,2.26963179281289,0.818596633033771
"115",3.27706106190558,0.567871408895658,2.27148563558263,0.819265265476395
"116",3.26740719455442,0.566198521161669,2.26479408464668,0.816851798638605
"117",3.26793504091646,0.566289989966074,2.2651599598643,0.816983760229116
"118",3.28745687180005,0.569672865475156,2.27869146190063,0.821864217950014
"119",3.27780620124831,0.568000531704292,2.27200212681717,0.819451550312076
"120",3.27277809266203,0.56712922688176,2.26851690752704,0.818194523165508
"121",3.28253346780224,0.568819704575195,2.27527881830078,0.820633366950559
"122",3.29222695738497,0.570499458318711,2.28199783327484,0.823056739346244
"123",3.2921376966299,0.570483990608532,2.28193596243413,0.823034424157475
"124",3.29124288934902,0.570328932322561,2.28131572929024,0.822810722337256
"125",3.28962535238592,0.570048634526205,2.28019453810482,0.822406338096481
"126",3.30849079430784,0.573317766495753,2.29327106598301,0.827122698576959
"127",3.32325771086406,0.57587667813988,2.30350671255952,0.830814427716015
"128",3.33501193664181,0.577913530254259,2.31165412101704,0.833752984160454
"129",3.34440176721528,0.579540663901242,2.31816265560497,0.836100441803819
"130",3.35186071862852,0.580833201686747,2.32333280674699,0.837965179657129
"131",3.35396204300801,0.581197333454019,2.32478933381608,0.838490510752003
"132",3.35511344194736,0.581396855686147,2.32558742274459,0.838778360486841
"133",3.3787990261289,0.585501254659984,2.34200501863993,0.844699756532224
"134",3.3790063555502,0.585537182110939,2.34214872844376,0.84475158888755
"135",3.37846253966334,0.585442945998759,2.34177178399504,0.844615634915835
"136",3.38761481381865,0.587028914255376,2.3481156570215,0.846903703454663
"137",3.39493478840901,0.588297369192646,2.35318947677058,0.848733697102253
"138",3.40071580024507,0.589299142206383,2.35719656882553,0.850178950061268
"139",3.42350756741573,0.593248654494962,2.37299461797985,0.855876891853932
"140",3.44061576168624,0.596213278650731,2.38485311460292,0.860153940421559
"141",3.45405208314484,0.598541615734764,2.39416646293905,0.863513020786211
"142",3.44624421770932,0.597188615756557,2.38875446302623,0.861561054427329
"143",3.45182584107642,0.598155837381521,2.39262334952608,0.862956460269105
"144",3.45007089899737,0.597851729092986,2.39140691637194,0.862517724749343
"145",3.44907880263671,0.597679811894177,2.39071924757671,0.862269700659178
"146",3.4534871752495,0.598443724656031,2.39377489862412,0.863371793812376
"147",3.46055820894122,0.599669041422796,2.39867616569118,0.865139552235306
"148",3.45308460244078,0.598373964104197,2.39349585641679,0.863271150610196
"149",3.44544210115796,0.597049619550044,2.38819847820017,0.86136052528949
"150",3.43764479633166,0.595698449585965,2.38279379834386,0.859411199082916
"151",3.43592600251788,0.595400605314468,2.38160242125787,0.858981500629471
"152",3.44063501608216,0.596216615183293,2.38486646073317,0.86015875402054
"153",3.4384866586121,0.59584433320249,2.38337733280996,0.859621664653024
"154",3.43088506940904,0.594527078171521,2.37810831268609,0.857721267352259
"155",3.43689407408458,0.595568359333727,2.38227343733491,0.859223518521144
"156",3.44765291925858,0.597432725133337,2.38973090053335,0.861913229814645
"157",3.44524162231165,0.597014879213273,2.38805951685309,0.861310405577912
"158",3.47891977397511,0.589951157081944,2.41140343272509,0.851119608688827
"159",3.47597700004918,0.589452124912355,2.4093636572753,0.850399657452516
"160",3.47267480317857,0.588892142219078,2.40707474882479,0.849591773197942
"161",3.46992162409275,0.58842526132131,2.40516639050387,0.848918206442046
"162",3.46681042278701,0.587897667433125,2.40300987009065,0.848157049355958
"163",3.46336871251789,0.58731402622047,2.4006242583213,0.847315033072803
"164",3.45962141546603,0.58667856395767,2.39802682993509,0.846398254817589
"165",3.4555911909187,0.585995123180224,2.39523329115308,0.845412258197226
"166",3.45958567253314,0.586672502712805,2.39800205482193,0.84638951028968
"167",3.46271415280037,0.587203026747123,2.40017055209859,0.847154894683064
"168",3.46507076886703,0.587602658950696,2.40180403388087,0.847731442081338
"169",3.46909269433671,0.588284692380234,2.40459182018059,0.848715408327853
"170",3.4722627425875,0.588822265464716,2.40678913018787,0.84949096235095
"171",3.47724066409428,0.589666415587048,2.41023956244534,0.850708813546205
"172",3.48972000760392,0.591782648102155,2.41888958421429,0.853761891701118
"173",3.48684912402253,0.591295807013334,2.41689963935413,0.853059528476574
"174",3.4836807255779,0.590758513701057,2.41470347290535,0.852284378079449
"175",3.48023606547992,0.590174372259865,2.41231581647044,0.851441640119065
"176",3.47653455405386,0.589546674270077,2.40975012426166,0.850536063342021
"177",3.50733845039166,0.583008509102102,2.43110175815846,0.841103484877671
"178",3.50329241144722,0.582335954922878,2.42829725767169,0.840133194298574
"179",3.49902581621764,0.581626738701256,2.42533987921772,0.839110011572722
"180",3.49455359466941,0.580883342175916,2.42223997146072,0.838037517092201
"181",3.48883678175575,0.57993306303384,2.41827737870783,0.836666554086468
