"","Entropy","evenness_log2","entropy","evenness","Node"
"1",1.58496250072116,0.693147180559945,1.09861228866811,1,1
"2",1.5,0.655990769729155,1.03972077083992,0.946394630357186,2
"3",1.92192809488736,0.666089520105061,1.33217904021012,0.960964047443681,3
"4",2.5,0.670364831565806,1.73286795139986,0.967132018086354,4
"5",3.03914867190307,0.664551158867678,2.10657733323212,0.958744661315413,5
"6",3.04643934467102,0.666145363547974,2.1116308425056,0.961044612501838,6
"7",3.14849307036456,0.6569585591255,2.18236909473572,0.947790855319918,7
"8",3.27610847854387,0.656415736873481,2.27082535511122,0.947007728348845,8
"9",3.2456573285182,0.650314408357145,2.24971822632611,0.938205371955493,9
"10",3.34321334701247,0.646405340369923,2.31733890549207,0.93256577895583,10
"11",3.44661666762821,0.645602362855818,2.38901262563741,0.931407327278286,11
"12",3.42078283948344,0.640763304120762,2.37110598049579,0.92442604123865,12
"13",3.47157850699169,0.632017477612345,2.40631485421379,0.911808480706481,13
"14",3.53769550019953,0.627645848184027,2.45214366164291,0.905501552609643,14
"15",3.5806858798533,0.635273054454329,2.48194232209112,0.916505285271646,15
"16",3.57323612577617,0.633951344539998,2.47677854605669,0.914598460932746,16
"17",3.65858454890351,0.633984391228161,2.53593756491265,0.914646137225877,17
"18",3.78859432018159,0.629760360296884,2.62605347131929,0.908552148748761,18
"19",3.76097685963298,0.625169638663551,2.6069105064058,0.901929137414251,19
"20",3.79448482135164,0.619157565018165,2.6301364555974,0.893255548580593,20
"21",3.77871326533979,0.616584072521398,2.61920444601474,0.889542783717742,21
"22",3.76281210184243,0.613989431579212,2.60818259936892,0.885799508097562,22
"23",3.7753795495251,0.616040100028828,2.616893690297,0.888757997300331,23
"24",3.77437388324898,0.615876002420838,2.61619661555313,0.888521254495062,24
"25",3.79922576087819,0.619931158460056,2.63342262446343,0.894371608002873,25
"26",3.83205462533366,0.614581686919747,2.65617785930172,0.886653951940292,26
"27",3.85087763949767,0.617600506046529,2.66922497849915,0.891009187323842,27
"28",3.84629269435294,0.616865176413478,2.66604693669906,0.88994833090882,28
"29",3.89067739092766,0.613983873297508,2.69681206398983,0.885791489192113,29
"30",3.95607906015438,0.614909091812957,2.74214504661824,0.887126297356089,30
"31",3.96971604677389,0.617028742843627,2.75159748544489,0.890184307386452,31
"32",3.96043385473783,0.615585974843257,2.74516356020569,0.888102833147166,32
"33",3.97405321876067,0.617702886723685,2.75460378397913,0.891156891419057,33
"34",3.98746516720454,0.619787559176298,2.76390023822882,0.89416443802832,34
"35",3.99238234679679,0.620551855943723,2.7673085673995,0.895267085184452,35
"36",3.98286741002409,0.619072911503888,2.76071331580229,0.893133419375352,36
"37",3.98210362037794,0.618954192643495,2.76018389716252,0.892962144264202,37
"38",4.0056233502988,0.622609957744598,2.77648653164469,0.898236298446219,38
"39",4.01894373577043,0.624680398200518,2.78571951927833,0.901223312624431,39
"40",4.01212122887735,0.623619948837975,2.78099051786104,0.899693407587975,40
"41",4.02537549339406,0.625680111851073,2.79017767394119,0.902665594550394,41
"42",4.02661993525584,0.625873540395701,2.79104025530906,0.902944652952496,42
"43",4.03031505786389,0.626447887988987,2.79360151912664,0.903773261377076,43
"44",4.0559739290469,0.630436148318515,2.8113868933435,0.909527104776261,44
"45",4.04690765642245,0.629026941530467,2.80510263203568,0.907494049131557,45
"46",4.06473342985359,0.622840704736722,2.81745851663078,0.898569195987456,46
"47",4.07320635226985,0.624139013976428,2.82333149891471,0.90044226028912,47
"48",4.07482163129741,0.624386523818151,2.82445112501847,0.900799341510345,48
"49",4.0671562144959,0.623211948981906,2.8191378629747,0.899104788218942,49
"50",4.06595941900059,0.623028563536689,2.81830830755142,0.898840218946556,50
"51",4.060478263111,0.622188683860453,2.81450905980033,0.897628528702707,51
"52",4.05585273196486,0.621479911900727,2.81130288592779,0.896605986911288,52
"53",4.06575136714101,0.622996683668283,2.81816409699153,0.898794226018503,53
"54",4.08156670536465,0.625420074174662,2.82912645409085,0.902290439484192,54
"55",4.0905549294138,0.626797343286575,2.83535661624876,0.904277418801919,55
"56",4.10180255473221,0.628520821345058,2.84315287602621,0.906763872049973,56
"57",4.09902126724956,0.628094643568418,2.84122503444929,0.906149027485078,57
"58",4.09808547019142,0.627951251016547,2.84057638935686,0.905942155761593,58
"59",4.09464276384394,0.627423723766686,2.83819008715861,0.905181094814285,59
"60",4.09782130858254,0.627910773429154,2.84039328648245,0.905883758946994,60
"61",4.10878155888501,0.629590216900734,2.84799035307784,0.908306683714895,61
"62",4.11072950745678,0.629888701827769,2.84934056813824,0.90873730643891,62
"63",4.10175250428093,0.628513152094691,2.84311818369702,0.906752807660502,63
"64",4.10402668290565,0.628861625381257,2.84469452419883,0.907255548342913,64
"65",4.09270558788955,0.627126889532055,2.83684733910757,0.904752853536017,65
"66",4.09653571797101,0.627713781873297,2.83950218297472,0.905599560206262,66
"67",4.092287826434,0.627062875779646,2.83655776893251,0.904660501212867,67
"68",4.09181985422204,0.626991168213253,2.83623339531322,0.904557049062439,68
"69",4.09036823916257,0.626768736665834,2.83522721242749,0.90423614817204,69
"70",4.08356625869122,0.625726466518606,2.83051243884155,0.902732470199366,70
"71",4.07837532621011,0.624931057889584,2.82691435862779,0.901584938114797,71
"72",4.06910694074783,0.623510859533968,2.82049000337626,0.89953602499007,72
"73",4.0630179166028,0.622577835965486,2.81626941345777,0.898189956514789,73
"74",4.05828528725252,0.621852653305748,2.81298900476699,0.897143739087847,74
"75",4.04892202551842,0.620417917021624,2.80649888629515,0.895073852165757,75
"76",4.05743294190405,0.621722048092225,2.81239820399184,0.896955315593982,76
"77",4.0545928972761,0.621286866935064,2.81042963506531,0.896327481896658,77
"78",4.05590143145495,0.621487374142778,2.81133664184204,0.89661675265089,78
"79",4.0764633444213,0.616273104392273,2.82558907384159,0.889094151539979,79
"80",4.08623322191548,0.617750098596357,2.8323610368811,0.891225003753633,80
"81",4.10041186606799,0.619893602979856,2.84218892409957,0.89431742689783,81
"82",4.09914302996892,0.619701782400185,2.84130943393491,0.894040688298798,82
"83",4.10704229778602,0.620895980872921,2.84678478915082,0.895763552513251,83
"84",4.10908420378922,0.621204672904504,2.8482001305399,0.896208900976379,84
"85",4.10183790304541,0.620109188932875,2.84317737760984,0.894628451683136,85
"86",4.11305060141124,0.621804306451835,2.85094942786859,0.897073989321464,86
"87",4.11188666618366,0.621628344615456,2.85014264944723,0.896820130052734,87
"88",4.10402529753766,0.620439875677824,2.84469356393492,0.895105531810161,88
"89",4.10291639977934,0.620272234316616,2.84392493458021,0.894863676449699,89
"90",4.10483410694806,0.62056215017022,2.84525418789735,0.895281936613968,90
"91",4.11080674332748,0.621465083632871,2.84939410396425,0.896584594242788,91
"92",4.10987101042515,0.62132362105321,2.84874550334125,0.896380506880639,92
"93",4.108224672557,0.621074730369506,2.84760434888969,0.896021433525537,93
"94",4.10471897545229,0.620544744777771,2.84517438482566,0.895256825940598,94
"95",4.10134777453814,0.620035092101577,2.84283764641692,0.894521552552078,95
"96",4.09621929091278,0.619259776280584,2.83928285245145,0.893403008262007,96
"97",4.09923459067396,0.619715624398791,2.84137289897945,0.894060658081544,97
"98",4.10196401424602,0.62012825421926,2.84326479123299,0.894655957077257,98
"99",4.10142943481293,0.620047437369227,2.84289424900616,0.894539363008494,99
"100",4.11050579680139,0.621419587026079,2.8491855037282,0.896518956513791,100
"101",4.11684308959568,0.622377648652984,2.85357818036094,0.897901147271794,101
"102",4.11771059956347,0.622508797400261,2.85417949244922,0.898090354919108,102
"103",4.11370828076768,0.62190373334825,2.85140529646021,0.897217432011852,103
"104",4.11406394608414,0.621957502252857,2.85165182487154,0.897295004143883,104
"105",4.10894041337972,0.621182934904048,2.84810046262297,0.896177539670922,105
"106",4.10724549835784,0.620926700405179,2.84692563705427,0.895807871430099,106
"107",4.10471892729227,0.620544737497018,2.84517435144368,0.895256815436691,107
"108",4.10603979004832,0.620744423382152,2.84608990373895,0.89554490127291,108
"109",4.11284716998124,0.621773552018812,2.85080841994645,0.897029620053456,109
"110",4.12214111862394,0.623178596072485,2.8572504942444,0.899056670141921,110
"111",4.13006181839579,0.624376034593315,2.86274070495932,0.900784208757691,111
"112",4.13678321445422,0.625392164327549,2.86739962168665,0.90225017408617,112
"113",4.1368321196898,0.625399557741594,2.8674335202128,0.902260840527949,113
"114",4.13749586569358,0.625499901783897,2.86789359388393,0.902405606380161,114
"115",4.13461332902965,0.625064124574999,2.86589557172247,0.901776912761953,115
"116",4.16423066190403,0.614075472845669,2.88642474250005,0.885923639405992,116
"117",4.19349810275925,0.611310232952621,2.90671138661106,0.881934241525423,117
"118",4.21426216386345,0.614337129047387,2.92110393702241,0.886301129510629,118
"119",4.23499732821877,0.617359812697588,2.93547645773374,0.89066194022295,119
"120",4.24975311609257,0.619510848396543,2.94570439049541,0.893765228758607,120
"121",4.27143443809717,0.622671458865552,2.9607327377137,0.898325025808427,121
"122",4.28059820247001,0.624007313275454,2.96708457515206,0.900252256340943,122
"123",4.28867319466874,0.625184451130565,2.97268173322765,0.901950507286955,123
"124",4.29768916893413,0.626498761330167,2.97893113036971,0.903846656094111,124
"125",4.30646907127344,0.627778657973215,2.98501689492179,0.905693156633886,125
"126",4.31639585223785,0.629225741681164,2.99189761515931,0.907780857123095,126
"127",4.31590244949122,0.629153815537265,2.9915556144366,0.907677089631982,127
"128",4.31909991518219,0.629619928421665,2.99377192876523,0.9083495483788,128
"129",4.32161348473202,0.629986345849168,2.99551420241184,0.908878176984354,129
"130",4.33293405265539,0.631636609863795,3.00336102215026,0.911259004694414,130
"131",4.33253222221806,0.63157803273982,3.00308249451556,0.911174495768146,131
"132",4.33391780741584,0.631780017428802,3.00404290898883,0.911465898077275,132
"133",4.33895170948102,0.63251383816002,3.00753214401253,0.912524577607105,133
"134",4.33471064017303,0.631895593200059,3.00459245877913,0.911632638669315,134
"135",4.33751107989992,0.632303829336064,3.00653357568015,0.912221598918241,135
"136",4.33368505808119,0.631746088225427,3.00388157944374,0.911416948583825,136
"137",4.33237176017242,0.631554641268525,3.00297127070104,0.911140749008509,137
"138",4.33134343215958,0.631404736005264,3.00225848803825,0.910924481428599,138
"139",4.33240332147783,0.631559242140753,3.0029931473309,0.911147386664057,139
"140",4.32674856693677,0.630734916188749,2.999073570164,0.909958135701024,140
"141",4.32499219774477,0.630478880193595,2.99785614781055,0.909588753840527,141
"142",4.3329883022441,0.631644518137008,3.00339862509972,0.91127041392096,142
"143",4.32989587502287,0.631193717311855,3.00125511789024,0.910620045806083,143
"144",4.32941194260775,0.631123171712413,3.00091968150112,0.910518270019612,144
"145",4.32803902894958,0.630923034226325,2.99996805026981,0.910229532660937,145
"146",4.32808920436084,0.630930348583358,3.00000282921465,0.910240085047556,146
"147",4.32773532392417,0.630878761405571,2.99975753798772,0.910165660481989,147
"148",4.33134179731575,0.631404497684716,3.00225735485086,0.910924137604727,148
"149",4.33223975938506,0.631535398757835,3.00287977472745,0.911112987933762,149
"150",4.33216618172653,0.6315246729212,3.00282877458089,0.91109751382244,150
"151",4.33212997871417,0.631519395400768,3.00280368056494,0.911089899969884,151
"152",4.33201615321453,0.631502802405852,3.00272478274079,0.911065961338405,152
"153",4.33641538279291,0.632144103294149,3.00577409631968,0.91199116294967,153
"154",4.33615202948658,0.632105712774565,3.00559155371791,0.911935777137448,154
"155",4.33989907018382,0.632651940354828,3.00818880441264,0.912723816958691,155
"156",4.34315915220791,0.633127181180687,3.01044852107603,0.913409444541385,156
"157",4.34269305852639,0.633059236035597,3.01012544955481,0.913311420417511,157
"158",4.34216534885251,0.632982308774449,3.00975966908221,0.913200437839344,158
"159",4.33954335383923,0.63260008554623,3.00794224063131,0.912649006283479,159
"160",4.34090957539051,0.632799247485574,3.0088892332476,0.912936336225705,160
"161",4.34149430171385,0.632884486390225,3.00929453465003,0.913059309970736,161
"162",4.34303875635236,0.633109630387364,3.01036506902821,0.913384124098894,162
"163",4.35183372007225,0.634391722614108,3.01646127333378,0.91523379219638,163
"164",4.35541613204621,0.634913951322617,3.01894441209314,0.915987208964356,164
"165",4.35380393295652,0.634678931828882,3.01782692083961,0.915648147506233,165
"166",4.36385451295382,0.62920119297809,3.02479345202774,0.90774544083091,166
"167",4.36273780063103,0.629040180111225,3.0240194060297,0.907513148366364,167
"168",4.36444920102879,0.62928693791874,3.02520565839021,0.907869144631568,168
"169",4.36366842226166,0.629174361541532,3.02466446378913,0.907706731250447,169
"170",4.36420896307253,0.629252299273426,3.02503913812817,0.90781917162975,170
"171",4.36584198420372,0.629487755987405,3.02617106212105,0.908158863863351,171
"172",4.36748487663474,0.629724635992103,3.02730982837757,0.908500609471415,172
"173",4.36876106991744,0.629908643578415,3.02819441815332,0.908766076303673,173
"174",4.36746737815848,0.629722112978995,3.02729769935809,0.908496969532915,174
"175",4.36595947101568,0.629504695791888,3.02625249777351,0.908183302835273,175
"176",4.36712914437728,0.629673344831935,3.02706325356628,0.908426611968998,176
"177",4.36550505773021,0.629439176334153,3.02593752248588,0.908088778238517,177
"178",4.36359482505325,0.629163749947769,3.02461345009163,0.90769142195675,178
"179",4.36116799182253,0.628813837649045,3.02293129748007,0.907186605218634,179
"180",4.35983136941051,0.628621117104922,3.0220048214237,0.906908568245352,180
"181",4.3645475272614,0.629301115060228,3.02527381294112,0.907889597923285,181
"182",4.36196790160832,0.628929172427049,3.02348575269279,0.907352998130903,182
"183",4.35909442181926,0.628514860514059,3.02149400827861,0.906755272388651,183
"184",4.35748289040888,0.628282502289712,3.02037697982512,0.906420050330677,184
"185",4.35443436560103,0.627842951557618,3.01826390344969,0.905785912669266,185
"186",4.35563534412045,0.628016114323452,3.01909635832434,0.906035733732801,186
"187",4.35504532351136,0.627931042360117,3.01868738720267,0.905913000833179,187
"188",4.35966502559394,0.628597132866329,3.02188952067624,0.906873966303273,188
"189",4.35827814819451,0.628397166320321,3.02092821051705,0.906585475559004,189
"190",4.35872753719308,0.628461961352596,3.02123970323438,0.906678955030741,190
"191",4.35675214593826,0.628177140094133,3.0198704663556,0.906268044813617,191
"192",4.35472992213049,0.627885566296577,3.01846876762478,0.90584739274183,192
"193",4.36122588586765,0.622269092778702,3.02297142657421,0.897744534250308,193
"194",4.3601595119666,0.622116940256147,3.02223227251128,0.897525024560558,194
"195",4.35975302165766,0.622058941344285,3.02195051489971,0.897441349818038,195
"196",4.35892836821052,0.621941278016165,3.02137890868788,0.897271597518066,196
"197",4.35791638964709,0.621796886737415,3.02067745859985,0.897063284936265,197
"198",4.35857363978015,0.621890664600506,3.02113302967651,0.897198577794291,198
"199",4.35898047149646,0.621948712225106,3.02141502393363,0.897282322814438,199
"200",4.3581028968359,0.621823497984395,3.02080673553194,0.897101676850314,200
"201",4.35563384627846,0.62147120853858,3.01909532009939,0.896593430613881,201
"202",4.35516469264575,0.621404268688858,3.01877012758162,0.896496856824649,202
"203",4.36340089058022,0.616373845315653,3.02447902495844,0.889239489970553,203
"204",4.37011950116188,0.611428336941264,3.02913601094039,0.882104629564148,204
"205",4.37339773165088,0.611886997857851,3.03140830716106,0.882766337393957,205
"206",4.37541307000234,0.612168966114389,3.03280523325726,0.883173131599353,206
"207",4.37440113046955,0.61202738451566,3.03210381022321,0.882968872528985,207
"208",4.3742856845573,0.612011232348169,3.03202378921462,0.882945569877047,208
"209",4.3736537963118,0.611922824152701,3.03158579765883,0.882818023811871,209
"210",4.37272485433007,0.611792854834733,3.03094190414329,0.88263051772137,210
"211",4.37396302896849,0.611966089241666,3.03180014140295,0.882880442141164,211
"212",4.38027409292122,0.607234927517623,3.03617463758812,0.876054818584244,212
"213",4.37908242321299,0.60706972701794,3.0353486350897,0.875816484642599,213
"214",4.37762552760405,0.606867758401198,3.03433879200599,0.87552510552081,214
"215",4.37710821801826,0.606796044065024,3.03398022032512,0.875421643603651,215
"216",4.37536591910041,0.606554510148505,3.03277255074252,0.875073183820082,216
"217",4.37623512331816,0.606675007439077,3.03337503719539,0.875247024663631,217
"218",4.37638021034868,0.606695120772306,3.03347560386153,0.875276042069737,218
"219",4.38033125757652,0.607242852221553,3.03621426110776,0.876066251515304,219
"220",4.38868016044204,0.603045917430546,3.04200127958977,0.870011354505384,220
"221",4.38690314457253,0.60280173874216,3.04076954605001,0.869659079122559,221
"222",4.38579428038943,0.602649370377605,3.04000093996787,0.869439258038627,222
"223",4.38643578691247,0.602737519405464,3.04044559840562,0.869566430203978,223
"224",4.38435521800713,0.602451629675881,3.03900345793493,0.869153978508867,224
"225",4.38224356537971,0.602161468750626,3.03753977186991,0.868735364780943,225
"226",4.38104873865697,0.601997288324884,3.03671158109578,0.868498502494914,226
"227",4.37889419514782,0.60170123378921,3.03521816533702,0.868071386084465,227
"228",4.37940651860531,0.601771631849254,3.03557328089712,0.868172949016578,228
"229",4.37671368184097,0.601401610759159,3.0337067486862,0.867639121424873,229
"230",4.37398016410631,0.601025999721251,3.03181201857542,0.867097229243181,230
"231",4.37433816372438,0.60107519223477,3.03206016500132,0.867168199038482,231
"232",4.37369627878989,0.60098699120962,3.03161524426874,0.867040951856898,232
"233",4.37312293586335,0.60090820850081,3.03121783323571,0.86692729243359,233
"234",4.37207172529172,0.600763762284544,3.03048918959181,0.866718900593707,234
"235",4.37211433332193,0.600769617028505,3.03051872322782,0.866727347203786,235
"236",4.37202088893281,0.600756776890854,3.03045395251296,0.866708822800872,236
"237",4.37571687335432,0.60126463990087,3.03301581369413,0.867441514246874,237
"238",4.37823376353868,0.601610484276584,3.03476038902919,0.867940462212635,238
"239",4.3816541407113,0.60208047625928,3.03713121382285,0.868618517315328,239
"240",4.38136167426937,0.602040288620322,3.03692849153322,0.868560538807898,240
"241",4.38984013619243,0.598098778990362,3.04280531351067,0.862874142411139,241
"242",4.38898588256231,0.597982390229663,3.04221319001547,0.862706228923264,242
"243",4.38811281915791,0.597863438709801,3.04160802857826,0.862534618155452,243
"244",4.38724909119069,0.597745759107231,3.04100933797301,0.86236484237641,244
"245",4.38558027883626,0.597518389863572,3.03985260539465,0.862036817896133,245
"246",4.38388050765284,0.597286802598927,3.03867441379127,0.861702708097896,246
"247",4.38651965346939,0.597646376032466,3.0405037302731,0.8622214629073,247
"248",4.38854970630555,0.597922962897801,3.04191085567287,0.862620493406293,248
"249",4.38526921102683,0.597476008074888,3.03963698961958,0.861975673899775,249
"250",4.3868635991319,0.597693237301761,3.04074213523933,0.862289069428121,250
"251",4.38694879310504,0.597704844651853,3.04080118720161,0.862305815294537,251
"252",4.38856833850033,0.597925501462442,3.04192377052615,0.862624155780911,252
"253",4.3859891203638,0.597574092944056,3.04013599274676,0.86211718045411,253
"254",4.38400336275916,0.597303541133089,3.03875957046183,0.861726856698124,254
"255",4.3845655334723,0.597380134723443,3.03914923750664,0.861837357891092,255
"256",4.38719526416343,0.597738425382475,3.04097202792083,0.862354262048074,256
"257",4.38514742164557,0.597459414741654,3.03955257165334,0.861951734780206,257
"258",4.3842508911271,0.597337265918055,3.03893114405218,0.86177551127815,258
"259",4.38581054012931,0.597549762076214,3.04001221036072,0.862082078431733,259
"260",4.38437992844396,0.597354846754547,3.03902058590455,0.861800875063771,260
"261",4.38410275234492,0.597317082580623,3.03882846207298,0.861746392877328,261
"262",4.3853707489601,0.597489842226481,3.03970737035175,0.861995632361674,262
"263",4.38532139653367,0.597483118148822,3.03967316185652,0.86198593156818,263
"264",4.38608819032622,0.597587590844144,3.04020466281189,0.862136653807629,264
"265",4.38733305335287,0.597757198627833,3.041067536109,0.862381346116054,265
"266",4.38790396696961,0.597834983405066,3.04146326327279,0.862493565828424,266
"267",4.38665070338207,0.597664231077371,3.04059456715058,0.862247222292039,267
"268",4.3865382619208,0.597648911362164,3.04051662866873,0.862225120614881,268
"269",4.38643960843487,0.597635470205392,3.0404482472831,0.862205729124662,269
"270",4.38611033490612,0.597590607957703,3.04022001226501,0.862141006582399,270
"271",4.38617917384961,0.597599986998117,3.04026772778461,0.862154537677493,271
"272",4.38474993633905,0.597405258902462,3.03927705583381,0.861873604419569,272
"273",4.38352249553753,0.597238024829717,3.03842625870293,0.861632336652153,273
"274",4.38193588376026,0.5970218550975,3.03732650322287,0.861320469651492,274
"275",4.38301023612168,0.597168231461021,3.03807118753313,0.861531646105248,275
"276",4.38232779550008,0.597075251559737,3.03759815574036,0.861397504462763,276
"277",4.38492509012589,0.597429122930032,3.03939846318732,0.861908032933801,277
"278",4.38305573612817,0.597174430661329,3.03810272573434,0.86154058966079,278
