"","empEntropy","evenness_log2","entropy","evenness"
"1",0,1,0,1
"2",1,0.693147180559945,0.693147180559945,1
"3",1.58496250072116,0.693147180559945,1.09861228866811,1
"4",1.5,0.655990769729155,1.03972077083992,0.946394630357186
"5",1.92192809488736,0.666089520105061,1.33217904021012,0.960964047443681
"6",1.91829583405449,0.664830674427379,1.32966134885476,0.959147917027245
"7",1.84237099317711,0.63851712973307,1.27703425946614,0.921185496588554
"8",2.15563906222957,0.643506205717275,1.49417513828931,0.928383211769586
"9",2.41938194564637,0.648747428194633,1.67698777432242,0.935944697445866
"10",2.64643934467102,0.653416479643818,1.83437197028162,0.94268071481726
"11",2.66353275480426,0.657636911106515,1.84622021932163,0.948769510358905
"12",2.68872187554087,0.663856205960252,1.863679987341,0.957742056202218
"13",2.87314067951313,0.663836453785538,1.99150936135661,0.957713559837711
"14",3.03914867190307,0.664551158867678,2.10657733323212,0.958744661315413
"15",3.05656476213095,0.668359423679099,2.11864924706995,0.964238826073242
"16",3.03063906222957,0.66269041706774,2.10067892127926,0.956060178348267
"17",3.05747607628993,0.668558694904636,2.11928092190985,0.964526313682116
"18",3.0441104177484,0.665636112026438,2.11001655337546,0.960309917857152
"19",3.03637224983022,0.663944056450125,2.10465286410028,0.957868797668297
"20",3.00869496956284,0.657892042987922,2.08546843531737,0.949137587858984
"21",2.98709004162033,0.653167831884273,2.07049304042782,0.942321991927636
"22",2.95400364232985,0.64593304103823,2.04755929604475,0.931884395052181
"23",2.9266464798309,0.639951025676465,2.02859675599048,0.923254171155242
"24",2.89207956392571,0.632392499752529,2.00463679569014,0.912349523288348
"25",2.85302019244805,0.623851637365605,1.97756290247596,0.900027663477819
"26",2.81123143049633,0.614713956659361,1.94859713995003,0.886844776837693
"27",2.81546054006716,0.61563870894024,1.95152853532533,0.888178912367368
"28",2.77543160100114,0.606885837423786,1.92378258907091,0.875551188037041
"29",2.89612399548684,0.604299709290299,2.00744018202371,0.871820193803757
"30",3.01042882928915,0.603182974930463,2.08667025529815,0.87020908668083
"31",3.05439460104555,0.611992153458494,2.11714500603224,0.882918044857526
"32",3.07347685963298,0.61581556007458,2.13037181977084,0.888434054621856
"33",3.17625046809347,0.614123315451226,2.20160905671119,0.885992661695772
"34",3.16809869518618,0.612547182254264,2.19595867830394,0.883718782148734
"35",3.20761498933978,0.620187599099137,2.22334928618269,0.894741573641157
"36",3.21149462744182,0.620937721370004,2.22603844639471,0.895823771321398
"37",3.17719797644217,0.614306514784644,2.20226581945166,0.886256962465589
"38",3.14192971723181,0.607487449193302,2.17781972501674,0.876419130353463
"39",3.1060761045112,0.600555206369233,2.15296789444655,0.86641801800894
"40",3.06993097521558,0.593566599247905,2.12791399998432,0.856335589172279
"41",3.03371938608531,0.586565142216154,2.10281403907508,0.846234621833575
"42",2.99761438979864,0.579584294752562,2.07778796269485,0.836163387816648
"43",3.04074086202385,0.587922734171211,2.10768095532525,0.848193213014687
"44",3.05437162129636,0.590558221252801,2.11712907768388,0.851995417157623
"45",3.02031351968804,0.583973137838321,2.09352180057885,0.842495149971713
"46",3.02096596738824,0.584099287633128,2.0939740428627,0.84267714565509
"47",3.06268639468266,0.59216587035054,2.12289243941359,0.854314764538421
"48",3.06372187554087,0.592366079038147,2.12361018005098,0.854603604619174
"49",3.0603984265901,0.591723495114467,2.12130654078102,0.853676551979126
"50",3.05366068968819,0.590420763681159,2.1166362974441,0.851797107800683
"51",3.13301798894548,0.586860684430246,2.17164258568115,0.846660999120219
"52",3.1714055834425,0.59405124958488,2.19825083857524,0.857034791809998
"53",3.19462493557281,0.598400578229434,2.21434526703879,0.863309546676693
"54",3.20841018726853,0.600982760098077,2.22390047538498,0.867034847653258
"55",3.21555215936532,0.602320557278845,2.22885091320751,0.868964881011666
"56",3.2177201004745,0.602726644766254,2.23035361547496,0.869550741415918
"57",3.19242653504352,0.597988785241387,2.21282145191017,0.862715454974964
"58",3.16697754625489,0.593221812619062,2.19518155708323,0.855838167212683
"59",3.1414536804791,0.588440814427753,2.17748976148375,0.848940644831582
"60",3.16547292450443,0.592939974674499,2.19413863275909,0.855431561007727
"61",3.18106237421728,0.595860109560623,2.20494441587403,0.859644425126666
"62",3.17581731398264,0.594877632074046,2.20130881716052,0.858227009728995
"63",3.15208251208116,0.590431752051057,2.18485710614136,0.851812960667441
"64",3.14566573663633,0.589229794946861,2.1804093363335,0.850078903113858
"65",3.13756997131443,0.587713338164755,2.17479777942615,0.847891118434591
"66",3.12806590852429,0.585933086403172,2.16821006509929,0.84532275804662
"67",3.11737533609605,0.583930583808446,2.16079992496209,0.842433757483843
"68",3.1056822410267,0.581740293870846,2.15269488908275,0.839273837052757
"69",3.09314082140819,0.579391100177411,2.14400183943396,0.835884666961152
"70",3.07988141828209,0.57690741753621,2.1348111215412,0.832301470331549
"71",3.06601500390388,0.574310032694724,2.12519965551046,0.828554236101456
"72",3.05163664127061,0.571616752360643,2.11523333399014,0.824668653919754
"73",3.03682819364948,0.568842910736704,2.10496890027309,0.820666846364687
"74",3.0216604763837,0.566001772585808,2.09445543981478,0.816567950443907
"75",3.00619498669915,0.563104857249429,2.08373557924396,0.812388585054238
"76",3.01321057614317,0.564418981086997,2.08859841528705,0.814284464997812
"77",2.9978603463248,0.561543655631108,2.0779584467675,0.810136247221659
"78",3.02306626413582,0.566265097458273,2.09542985763163,0.816947847931556
"79",3.04166281189232,0.569748506357592,2.1083200022772,0.821973344675992
"80",3.04881526468018,0.571088266727067,2.11327770476119,0.823906210317013
"81",3.03553975106758,0.568601566353067,2.10407581993013,0.820318660019267
"82",3.02196712499799,0.566059212414208,2.0946679924372,0.816650818599491
"83",3.00814317221273,0.563469781258142,2.0850859585399,0.812915059111911
"84",3.02253135155763,0.566164900407744,2.09505908448621,0.816803294143646
"85",3.00869440660157,0.56357303562561,2.08546804510235,0.813064023675807
"86",2.99467743217149,0.56094744865589,2.07575221879617,0.80927610237517
"87",2.98051202843571,0.558294058678258,2.06593350913522,0.805448069812895
"88",2.96890926586204,0.556120689355357,2.05789108697057,0.802312560668725
"89",2.9570464413909,0.553898606586292,2.04966840363492,0.79910677287735
"90",2.94495924300434,0.551634495258809,2.04129019615241,0.79584035069317
"91",2.9326795333132,0.549334323711957,2.0327785500019,0.792521904609333
"92",2.98730679598549,0.543853495535392,2.07064328310491,0.784614740979038
"93",3.00211456163473,0.546549320122351,2.08090724411507,0.78850399374175
"94",2.98952879755251,0.544258021552248,2.07218345722628,0.785198348657467
"95",3.00126845446092,0.546395282263002,2.08032076731309,0.788281764085958
"96",3.01040532293232,0.548058692885269,2.08665396193319,0.790681558341666
"97",3.01737671215285,0.549327867648778,2.09148616071598,0.792512590479001
"98",3.02251260303045,0.550262881156673,2.09504608899746,0.793861529830006
"99",3.03404890133015,0.552363119459704,2.10304244163799,0.796891533214473
"100",3.02226179562077,0.550217220467706,2.09487224254857,0.793795655380469
"101",3.04519834495418,0.554392929018049,2.1107706470508,0.799819929398247
"102",3.0333092835534,0.552228468504607,2.10252977766135,0.796697272949303
"103",3.05120974605232,0.555487333350635,2.11493743277319,0.801398821101596
"104",3.03928376173688,0.553316150843914,2.10667097036954,0.798266466866284
"105",3.02725897271588,0.551126980467796,2.09833602176281,0.795108161620998
"106",3.04166358952346,0.55374940987919,2.10832054129003,0.798891527527897
"107",3.04582975621325,0.554507880458867,2.1112083079848,0.799985769271858
"108",3.04870555321678,0.555031433063148,2.11320165856966,0.800741096017698
"109",3.06288807743125,0.557613429455322,2.12303223524214,0.804466129408281
"110",3.07429220906494,0.55968960618443,2.13093697693077,0.807461419279374
"111",3.08343266868664,0.561353670592792,2.13727266074657,0.809862156749038
"112",3.09067947128759,0.562672985679973,2.14229576153749,0.811765526082684
"113",3.11201490942045,0.566557204275442,2.1570843603253,0.817369268988095
"114",3.12092293137104,0.568178952293639,2.16325893062472,0.819708956811519
"115",3.13758257323726,0.571211919806546,2.17480651441342,0.824084604001568
"116",3.14455103407658,0.572480561444244,2.17963668339704,0.82591486700094
"117",3.18867347614823,0.56572355320182,2.21022002971843,0.81616656471835
"118",3.21520342663375,0.57043040637045,2.22860919009786,0.822957118442925
"119",3.23504664579468,0.573950922514438,2.24236346151249,0.828036149625225
"120",3.25057496659256,0.576705904133831,2.25312687329237,0.832010747945264
"121",3.2629333533378,0.578898486884513,2.26169305422111,0.835173976206412
"122",3.27280577620025,0.580650018417055,2.2685360962935,0.83770090206237
"123",3.28064979040982,0.582041676616993,2.27397315262714,0.839708640446033
"124",3.28679408875853,0.583131777036419,2.27823205570407,0.84128132291521
"125",3.29148668070292,0.583964320665726,2.28148471257984,0.842482429480535
"126",3.29492153912858,0.584573721511514,2.28386557501321,0.843361609058668
"127",3.2996572738291,0.585413919381206,2.28714813616876,0.844573758358637
"128",3.30202384140698,0.585833787714877,2.28878851581297,0.845179500321451
"129",3.30556133111474,0.586461397052068,2.29124051683016,0.846084949199832
"130",3.3117568916331,0.587560592230485,2.29553495213545,0.847670752632703
"131",3.31423302720514,0.587999899743312,2.2972512785259,0.848304539402884
"132",3.31576011298591,0.588270830084848,2.29830977372931,0.848695409263044
"133",3.31734641260781,0.588552265943758,2.29940931283975,0.849101435381022
"134",3.31809174738315,0.588684500692967,2.29992593953785,0.849292209797939
"135",3.31087346920827,0.587403858442316,2.29492261037244,0.847444633573771
"136",3.32266999027106,0.589496756903377,2.30309933568753,0.850464047804629
"137",3.32765870525131,0.590381837669924,2.3065572494107,0.851740949437313
"138",3.31895150660303,0.588837036236166,2.30052187921707,0.849512272069672
"139",3.31012040320553,0.587270252045156,2.29440062479586,0.847251880287158
"140",3.3011772760401,0.585683592979997,2.28820172141576,0.844962815122271
"141",3.29213310617721,0.584079007264693,2.28193278057479,0.842647887268121
"142",3.2855925562903,0.582918605251255,2.27739921686136,0.840973781037897
"143",3.27885414085161,0.581723098607681,2.2727285031986,0.839249029531863
"144",3.2887750462519,0.583483231746434,2.27960515080541,0.841788364882446
"145",3.29044867708666,0.58378016161074,2.28076522329982,0.842216744125172
"146",3.2914066654035,0.583950124624695,2.28142925020064,0.84246194892254
"147",3.29171722597314,0.584005223219851,2.28164451438389,0.842541439392531
"148",3.29991882560888,0.585460323004315,2.28732943004748,0.844640704635576
"149",3.29965339973168,0.585413232052078,2.28714545084905,0.844572766752313
"150",3.2988545485619,0.585271502607019,2.28659172941303,0.844368294384779
"151",3.2925776512479,0.584157876932231,2.28224091573717,0.842761672146355
"152",3.28612976309233,0.583013914646564,2.27777158024157,0.841111283429859
"153",3.27952397059201,0.581841937511574,2.27319279379461,0.839420477829174
"154",3.27277239543369,0.580644096115506,2.26851295850928,0.837692357987295
"155",3.26588628247482,0.579422385482549,2.26373986872682,0.835929802115726
"156",3.25887607767974,0.578178658900002,2.25888076503796,0.834135483942864
"157",3.2517514974055,0.576914640210738,2.2539423823082,0.832311890448272
"158",3.24452159020451,0.575631934778006,2.24893099251613,0.830461337681549
"159",3.23719479212552,0.574332039296752,2.24385244308514,0.82858598491707
"160",3.22977897634345,0.57301635059877,2.23871219128425,0.826687847357138
"161",3.22228149782336,0.571686173576831,2.23351533518674,0.824768807564081
"162",3.2147092336208,0.570342728334633,2.22826664160428,0.822830625775456
"163",3.20706861933472,0.568987156654152,2.22297057135414,0.820874949234457
"164",3.19936568215718,0.567620527859211,2.21763130216749,0.81890332064926
"165",3.19160607090376,0.566243844143369,2.21225274950495,0.816917185879542
"166",3.18379508335757,0.564858045421204,2.20683858550991,0.814917900935405
"167",3.17593769121644,0.56346401375436,2.20139225630074,0.812906738362806
"168",3.16803856289634,0.562062577397244,2.19591699777678,0.810884893080273
"169",3.16010208441228,0.560654514501656,2.19041585009198,0.808853487723548
"170",3.16078414678053,0.560775523676586,2.1908886196995,0.809028067060122
"171",3.1666647363677,0.56181883778857,2.19496473379187,0.810533251155571
"172",3.17168581875588,0.562709661070042,2.1984450828926,0.811818437486058
"173",3.17593817453619,0.563464099503298,2.20139259131246,0.812906862072374
"174",3.17949783197762,0.564095641764057,2.20385995783175,0.813817984960082
"175",3.17188466702889,0.56274494005122,2.19858291401239,0.811869334297253
"176",3.16423755632086,0.561388215797754,2.19328234078569,0.809911994944924
"177",3.1565601381084,0.560026114490407,2.18796075999775,0.807946898143625
"178",3.1488558420771,0.558659244612275,2.18262054892546,0.805974921748904
"179",3.14112790256701,0.55728817998892,2.1772639494425,0.803996893616051
"180",3.13337937079754,0.555913461957264,2.17189307649301,0.80201359472916
"181",3.13422575821441,0.556063625120862,2.17247974754468,0.802230234380608
"182",3.13760510229637,0.556663176801471,2.17482213036723,0.803095204616978
"183",3.14042723760893,0.557163870406063,2.17677828550229,0.803817552797328
"184",3.14745211401068,0.558410199974934,2.18164755877394,0.805615626285651
"185",3.15542077682916,0.55982397290517,2.18717101493941,0.807655269481046
"186",3.16237358801608,0.561057516909856,2.19199033641058,0.809434897299325
"187",3.16843452710156,0.56213282801362,2.19619145924923,0.810986243296138
"188",3.17370335015034,0.563067604596622,2.19984352909036,0.812334840836774
"189",3.16638351726784,0.561768944856731,2.19476980756568,0.810461270870232
"190",3.15904284619657,0.560466588076589,2.18968164210922,0.808582367202053
"191",3.15168390668656,0.559160990172462,2.18458081393594,0.806698787580374
"192",3.14430913151436,0.557852582759259,2.17946900931807,0.804811154693882
"193",3.13692082440459,0.556541774555925,2.17434782507582,0.802920058199377
"194",3.13952557338029,0.557003900219389,2.17615329948439,0.803586764602323
"195",3.1321886420948,0.55570220693926,2.17106772624989,0.801708818162322
"196",3.12876586232165,0.555094949046729,2.16869523610046,0.800832730212228
"197",3.12521174378183,0.554464389478969,2.1662317088552,0.799923025050836
"198",3.12153356002673,0.553811818684615,2.16368218615577,0.798981564401992
"199",3.12388173515809,0.554228423893267,2.16530981712754,0.799582598670523
"200",3.11686930954197,0.55298430330024,2.16044917408284,0.797787712060695
"201",3.10984487675504,0.551738052435994,2.15558020830155,0.795989752119144
"202",3.11490271095553,0.552635396098433,2.15908603181736,0.797284345370917
"203",3.11935297023924,0.553424945895074,2.16217071649262,0.798423424947066
"204",3.12324989685876,0.554116325301041,2.16487186019179,0.799420874587428
"205",3.15249575412497,0.54628588592473,2.18514354369892,0.788123938531242
"206",3.14552841679726,0.545078538368553,2.18031415347421,0.786382104199316
"207",3.13855159731086,0.543869547679484,2.17547819071794,0.784637899327715
"208",3.14061567350783,0.544227224828582,2.17690889931433,0.785153918376958
"209",3.14448519018284,0.544897760971936,2.17959104388774,0.786121297545711
"210",3.14785959441845,0.54548250066743,2.18193000266972,0.786964898604612
"211",3.15924760407947,0.547455892364612,2.18982356945845,0.789811901019867
"212",3.1875870377875,0.540547291521301,2.20946696803183,0.779844896843742
"213",3.18915723954079,0.540813564502971,2.21055534895004,0.78022904755392
"214",3.18232415961253,0.539654818779581,2.20581901886322,0.778557330845133
"215",3.21025533827428,0.53362576924829,2.22517943660233,0.769859250985066
"216",3.21144072403808,0.533822810394059,2.22600108340239,0.770143521268919
"217",3.21461623659008,0.534350661032018,2.22820218097464,0.770905048766631
"218",3.21735159465639,0.534805346843112,2.23009818670612,0.77156102173146
"219",3.21968019445262,0.535192419124473,2.23171224908953,0.772119448992244
"220",3.24695787958133,0.529815937891141,2.2506196996287,0.764362826179485
"221",3.24880669879307,0.53011761531382,2.25190120345268,0.764798054701131
"222",3.25339790510739,0.530866776334594,2.25508358516482,0.765878865590629
"223",3.25743732717115,0.531525901050286,2.2578834991794,0.766829781549286
"224",3.25080019994211,0.53044290092581,2.25328299315358,0.765267342640422
"225",3.24415353949755,0.529358345237724,2.2486758792063,0.763702659527653
"226",3.24510672516966,0.529513879426826,2.24933657716746,0.763927047930959
"227",3.23850521389073,0.528436690864653,2.24476075823704,0.762372993334208
"228",3.23189642918881,0.52735831547605,2.24017989775398,0.760817226508855
"229",3.22528168747263,0.526278968063415,2.23559490818328,0.75926005734925
"230",3.21866224511111,0.52519885363226,2.23100666037351,0.75770178161583
"231",3.21590559394236,0.524749042523347,2.22909589538811,0.757052841359665
"232",3.21304016053149,0.524281481086967,2.22710972829828,0.756378292794088
"233",3.21007120036185,0.523797026876231,2.22505180192749,0.755679373106722
"234",3.20700368715818,0.523296491468853,2.22292556379904,0.754957253156708
"235",3.20384233259485,0.522780643682989,2.22073427979672,0.754213042114188
"236",3.20059160423118,0.522250212503805,2.21848104659667,0.753447791682447
"237",3.19725574187028,0.521705889752799,2.21616880300648,0.752662499948927
"238",3.19383877251207,0.521148332527727,2.21380034032978,0.751858114905304
"239",3.19034452404918,0.520578165437408,2.21137831185955,0.751035537671622
"240",3.18677663783597,0.519995982652645,2.20890524159031,0.750195625455155
"241",3.18313858024473,0.519402349791891,2.20638353222822,0.749339194270835
"242",3.17724139094627,0.518440087577547,2.20229591209276,0.747950943346167
"243",3.17133481016607,0.517476292926723,2.19820178227822,0.746560481582988
"244",3.17462372866239,0.51801295570536,2.20048148686103,0.747334722312358
"245",3.1759826316418,0.518234692014621,2.20142340662987,0.747654620186112
"246",3.17708775866168,0.518415018932998,2.20218942230786,0.747914776936995
"247",3.17129299700581,0.517469470146897,2.19817279960408,0.746550638392367
"248",3.1742600029585,0.517953605482141,2.20022937141489,0.747249098039643
"249",3.17688552256229,0.518382019456981,2.20204924292576,0.747867168756593
"250",3.18101133050243,0.519055240017405,2.204909035067,0.748838420720541
"251",3.20583344024593,0.514148861726764,2.22211441045126,0.741760013091908
"252",3.20007718036276,0.513225677624439,2.21812447514267,0.740428139965656
"253",3.19431301933824,0.512301226343733,2.21412906318023,0.739094438687438
"254",3.18854195796555,0.51137566839101,2.21012886826091,0.73775914081899
"255",3.18276495625248,0.510449157731509,2.2061245558114,0.736422468485197
"256",3.19939428689599,0.513116155746535,2.21765112946155,0.740270133295535
"257",3.19359198658935,0.512185587719949,2.21362928136324,0.73892760741837
"258",3.18778563885596,0.511254370570476,2.2096046278025,0.737584145054834
"259",3.18468487378133,0.510757072484559,2.20745534123344,0.736866695572438
"260",3.18151840090052,0.510249236236138,2.20526050948378,0.736134042735258
"261",3.17828906148922,0.50973131750661,2.20302210197577,0.735386843952584
"262",3.18441545958346,0.510713864062864,2.20726859754178,0.736804358996734
"263",3.17879131387553,0.509811868320473,2.20337023680127,0.735503054212283
"264",3.18259878352538,0.510422507089771,2.20600937365413,0.736384019736525
"265",3.17699804829977,0.509524265900778,2.20212723982343,0.735088131627642
"266",3.18046279688904,0.510079939355605,2.20452882053943,0.735889798965275
"267",3.17732910539787,0.509577360558791,2.20235671111759,0.735164731027455
"268",3.17413738581478,0.509065475265564,2.20014437968743,0.734426236653412
"269",3.17089008459621,0.508544675836544,2.19789352200335,0.733674881899868
"270",3.16758954459631,0.508015338016703,2.19560576200809,0.732911208852228
"271",3.17079146768606,0.508528859739718,2.19782516597012,0.73365206409541
"272",3.17338241774503,0.508944394123659,2.19962107569847,0.734251553490442
"273",3.17569554994636,0.509315372314044,2.20122441676209,0.734786761885988
"274",3.17801108486534,0.509686735850257,2.20282942326266,0.735322526218049
"275",3.18006650856224,0.510016382968184,2.20425413440303,0.735798106480326
"276",3.17682622260841,0.509496708641403,2.20200813932992,0.735048374906201
"277",3.17165653047531,0.508667597779827,2.1984247818035,0.733852220777858
"278",3.16648023903435,0.507837428526825,2.19483684998544,0.732654539713454
