"","Entropy","evenness_log2","entropy","evenness","Node"
"1",0,1,0,1,1
"2",0,1,0,1,2
"3",1,0.693147180559945,0.693147180559945,1,3
"4",0.918295834054489,0.636514168294813,0.636514168294813,0.918295834054489,4
"5",0.811278124459133,0.562335144618808,0.562335144618808,0.811278124459133,5
"6",0.721928094887362,0.500402423538188,0.500402423538188,0.721928094887362,6
"7",0.650022421648354,0.450561208866305,0.450561208866305,0.650022421648354,7
"8",0.591672778582327,0.410116318288409,0.410116318288409,0.591672778582327,8
"9",0.543564443199596,0.376770161256437,0.376770161256437,0.543564443199596,9
"10",0.503258334775646,0.348832095843032,0.348832095843032,0.503258334775646,10
"11",0.468995593589281,0.325082973391448,0.325082973391448,0.468995593589281,11
"12",0.865856617457224,0.378662632640565,0.600166073159646,0.546294702280502,12
"13",1.04085208297276,0.455192906055661,0.721463686692511,0.656704548214339,13
"14",0.991264260535429,0.433506803515759,0.687092027379972,0.625418115623811,14
"15",0.946372935985442,0.413874607151954,0.655975732336547,0.597094843287992,15
"16",1.23664074194117,0.42858702182104,0.857174043642079,0.618320370970584,16
"17",1.32446029330164,0.459022959032815,0.918045918065631,0.662230146650821,17
"18",1.27720181120226,0.442644417220451,0.885288834440902,0.63860090560113,18
"19",1.23322478822022,0.427403142475741,0.854806284951481,0.61661239411011,19
"20",1.19225086023464,0.413202661145906,0.826405322291812,0.596125430117321,20
"21",1.1540157730728,0.399951389713558,0.799902779427117,0.5770078865364,21
"22",1.11827516077098,0.387564637389311,0.775129274778622,0.559137580385488,22
"23",1.08480635484551,0.37596523315734,0.751930466314679,0.542403177422757,23
"24",1.05340815048636,0.365083444744242,0.730166889488485,0.526704075243178,24
"25",1.02389957332151,0.354856551212167,0.709713102424333,0.511949786660753,25
"26",0.996118213778296,0.345228265692417,0.690456531384835,0.498059106889148,26
"27",0.969918434275037,0.336148114045429,0.672296228090859,0.484959217137519,27
"28",0.945169609119616,0.327570824856104,0.655141649712208,0.472584804559808,28
"29",1.13369838233675,0.33843418280367,0.785819837322087,0.488257317198164,29
"30",1.19910183616135,0.357958568471437,0.831154056939491,0.516425051577455,30
"31",1.24965272612661,0.373049133477032,0.866193263793707,0.53819613487524,31
"32",1.28912306476276,0.38483190745769,0.893552017735105,0.555195084465051,32
"33",1.44946029330164,0.388666882152192,1.00468931563562,0.560727783438742,33
"34",1.42161533167245,0.381200368947187,0.985388658989548,0.54995588186515,34
"35",1.44942138702344,0.388656449591939,1.00466234785858,0.560712732435801,35
"36",1.59518560426741,0.393857718302809,1.10569840406777,0.568216577011304,36
"37",1.56740876611701,0.386999505649487,1.08644496701895,0.558322267626995,37
"38",1.65024837990703,0.407452938268952,1.14386501175618,0.587830333436254,38
"39",1.78238581681961,0.411818567866183,1.23545570359855,0.594128605606537,39
"40",1.83808242466034,0.424687216763367,1.2740616502901,0.612694141553446,40
"41",1.85207840690058,0.427920975306364,1.28376292591909,0.617359468966861,41
"42",1.89318371151302,0.437418317305753,1.31225495191726,0.631061237171006,42
"43",1.96281504141429,0.453506570638989,1.36051971191697,0.65427168047143,43
"44",1.97118510283492,0.455440465463931,1.36632139639179,0.657061700944974,44
"45",1.97628659667863,0.456619160822067,1.3698574824662,0.658762198892877,45
"46",2.0861112970812,0.456156585170994,1.44598216390608,0.658094843295037,46
"47",2.14837976114003,0.469772431060262,1.48914337420626,0.677738356636992,47
"48",2.19260441618094,0.479442752894026,1.5197975691591,0.691689681990364,48
"49",2.22541289725904,0.48661677314605,1.54253867531685,0.702039605431196,49
"50",2.20010401364089,0.481082641797496,1.5249958939938,0.69405554157901,50
"51",2.17524191736388,0.475646206572886,1.50776280205659,0.68621242344035,51
"52",2.15083233202469,0.470308719014409,1.49084336680008,0.678512056608929,52
"53",2.17715348772332,0.476064197410046,1.50908780166167,0.686815456748257,53
"54",2.15367782737597,0.470930925242992,1.49281571388012,0.679409710449315,54
"55",2.174609839741,0.475507994210764,1.50732467923439,0.686013025150927,55
"56",2.15207780785375,0.470581059230338,1.49170666485945,0.678904960487884,56
"57",2.1299303895316,0.465738225232785,1.47635524429278,0.671918227895766,57
"58",2.13516649350522,0.466883170524797,1.47998463499921,0.67357003479064,58
"59",2.13839404889936,0.467588919373912,1.48222180592076,0.674588215155372,59
"60",2.15590148442434,0.471417158075917,1.49435703549373,0.680111196146094,60
"61",2.16978613099336,0.474453224739327,1.50398113911612,0.684491314465204,61
"62",2.17151710470896,0.474831725666018,1.50518095866671,0.685037375875113,62
"63",2.18255503269219,0.477245318623997,1.51283186732751,0.688519454466313,63
"64",2.19106222265923,0.479105531322234,1.51872860206765,0.691203174101058,64
"65",2.19740340610781,0.480492117259377,1.52312397549645,0.693203594756342,65
"66",2.19831497330427,0.480691443814998,1.52375582572856,0.693491162189653,66
"67",2.22358995183559,0.486218161355548,1.54127510583626,0.701464530177798,67
"68",2.24410098767569,0.490703178085112,1.5554922724992,0.707935041571845,68
"69",2.3216803473327,0.484437393269244,1.6092661869151,0.698895424890714,69
"70",2.3973185207434,0.480337453298754,1.66169457355742,0.692980461827346,70
"71",2.39537445106324,0.479947930808888,1.66034704713981,0.692418499662903,71
"72",2.41009487919768,0.482897381580817,1.67055047039784,0.69667365766491,72
"73",2.45443459780625,0.49178148577145,1.70128442133818,0.709490710723477,73
"74",2.52523128406088,0.488249722125815,1.75035694480857,0.704395452826328,74
"75",2.53561789796147,0.490257958513032,1.75755639694933,0.707292725503098,75
"76",2.54357669555756,0.491796780219888,1.7630730150637,0.709512775948392,76
"77",2.54583604207493,0.492233621516864,1.76463907473213,0.710143004721194,77
"78",2.55186566069606,0.493399439331206,1.76881848787922,0.711824924300525,78
"79",2.58278945909207,0.499378509869903,1.79025323154961,0.720450899715829,79
"80",2.60695913096304,0.504051680065981,1.80700637146204,0.72719285918294,80
"81",2.64631674788848,0.511661416904214,1.83428699266746,0.73817138878193,81
"82",2.67560561693309,0.517324376278539,1.85458848966752,0.746341312188025,82
"83",2.67903661293258,0.517987754264525,1.85696667487109,0.747298364318641,83
"84",2.74084350221185,0.513400593070209,1.89980794591419,0.740680489611843,84
"85",2.73714000392063,0.512706872973598,1.89724087651542,0.739679663068697,85
"86",2.77368619279555,0.519552515575117,1.92257276429428,0.749555837701608,86
"87",2.80080207230388,0.52463172152393,1.94136805972389,0.756883582935613,87
"88",2.82185265465237,0.528574807458412,1.95595921152789,0.762572253459089,88
"89",2.87948953699999,0.524224847665307,1.9959100540234,0.756296588037511,89
"90",2.86440454402459,0.521478552517175,1.98545393367374,0.752334521646484,90
"91",2.84931770393159,0.518731921092445,1.97499653299972,0.748371970110876,91
"92",2.85071785427044,0.518986825160914,1.97596704325945,0.748739718946357,92
"93",2.86700078221019,0.521951210101048,1.98725350885215,0.753016422398776,93
"94",2.86722553883826,0.52199212812058,1.98740929827521,0.753075454622637,94
"95",2.86334775995057,0.521286159920119,1.98472142677237,0.752056957800808,95
"96",2.86276176416972,0.52117947658441,1.98431524544906,0.751903046281434,96
"97",2.86127182133951,0.520908225363261,1.9832824957771,0.751511713489847,97
"98",2.91461072651045,0.517100276568105,2.02025420751049,0.746018004647116,98
"99",2.96701285206789,0.514144148273994,2.05657659309598,0.741753213016971,99
"100",2.99830303199236,0.51956632327246,2.07826529308984,0.74957575799809,100
"101",3.02156426254671,0.523597187366236,2.09438874946494,0.755391065636678,101
"102",3.07178383203099,0.520909518974512,2.12919830246191,0.751513579776384,102
"103",3.08934391823975,0.523887337909808,2.1413700267079,0.755809664387,103
"104",3.13820630174013,0.521649394009304,2.17523885006663,0.752580993819955,104
"105",3.16703293717342,0.526441111142994,2.19521995114224,0.759493980366072,105
"106",3.18011270152256,0.528615299354497,2.20428615292323,0.762630670916768,106
"107",3.17914581284381,0.528454577959903,2.20361595676165,0.762398798957822,107
"108",3.17542256501678,0.527835679842325,2.20103519802781,0.761505917712777,108
"109",3.18574965384849,0.529552303643621,2.20819339053491,0.763982482357978,109
"110",3.19379352598708,0.530889398985076,2.21376897782855,0.765911503176291,110
"111",3.18958275562148,0.530189462270174,2.21085029422165,0.764901707948766,111
"112",3.18480102766493,0.529394617938406,2.20753585297036,0.763754989973046,112
"113",3.17950474506188,0.528514241588116,2.20386474961661,0.762484875378366,113
"114",3.22443365424243,0.526140591916299,2.23500709634074,0.759060422768029,114
"115",3.23054145829528,0.527137220777138,2.23924070349939,0.760498254283167,115
"116",3.25051072162888,0.530395665873891,2.25308234207693,0.765199196865262,116
"117",3.25494696164255,0.531119540574678,2.25615730933469,0.766243527306313,117
"118",3.29812584877774,0.528950640321041,2.28608663321217,0.763114465666208,118
"119",3.29345890013329,0.528202159035908,2.28285175091745,0.762034635427947,119
"120",3.29638343099818,0.528671192827991,2.28487888124091,0.762711308153796,120
"121",3.29815599226687,0.528955474708389,2.28610752708667,0.763121440212861,121
"122",3.29891319921971,0.529076914920474,2.28663238295113,0.7632966414046,122
"123",3.29876913320369,0.529053809734404,2.28653252399831,0.763263307667237,123
"124",3.29350588685029,0.528209694725927,2.28288431962786,0.762045507130568,124
"125",3.28784014865504,0.527301028415519,2.27895712917203,0.76073457875072,125
"126",3.28180833437077,0.526333651130889,2.27477619410723,0.759338948339515,126
"127",3.30666886170298,0.530320761524496,2.29200819853478,0.76509113273185,127
"128",3.3002482838926,0.529291034673628,2.28755779312795,0.763605550910631,128
"129",3.29352657661171,0.528213012932403,2.28289866067765,0.762050294290595,129
"130",3.30550447505009,0.530134018175738,2.29120110720925,0.764821719028677,130
"131",3.30517172655837,0.530080652253445,2.29097046353038,0.764744728277232,131
"132",3.34460245771218,0.527808339086388,2.31830176365706,0.761466473339772,132
"133",3.34336471582488,0.527613012288057,2.31744382635762,0.761184676336468,133
"134",3.34150407210041,0.527319385979322,2.31615412640597,0.760761063116981,134
"135",3.35946672900652,0.530154054741026,2.32860489139581,0.764850625682054,135
"136",3.37361172792265,0.532386262747417,2.33840945751355,0.768071021103108,136
"137",3.3849469382596,0.534175060853256,2.34626642659966,0.770651711259552,137
"138",3.39407370824059,0.535615347214878,2.3525926214796,0.772729605250925,138
"139",3.39164644490942,0.53523230323774,2.35091017074513,0.772176989604665,139
"140",3.38814151612384,0.534679193962625,2.34848073923934,0.771379021596387,140
"141",3.39554838967761,0.535848065204474,2.3536147927599,0.77306534634044,141
"142",3.40463658397809,0.537282263976877,2.35991424901565,0.775134457797035,142
"143",3.39847749222032,0.53631030392122,2.35564509192894,0.773732215844796,143
"144",3.43483436423028,0.533889957030928,2.38084575525663,0.770240393388942,144
"145",3.43097898604857,0.533290700276889,2.37817341073998,0.76937584864167,145
"146",3.42832282835007,0.532877843128875,2.37633230252015,0.768780221681635,146
"147",3.42420735393473,0.532238158583486,2.37347967303249,0.767857351960269,147
"148",3.45967158346213,0.530126839653242,2.39806160374014,0.76481136260987,148
"149",3.45653387474058,0.529646047309754,2.39588670978638,0.764117725880224,149
"150",3.46225174061602,0.530522198150371,2.39985003239676,0.765381744353052,150
"151",3.45384798292319,0.529234487048482,2.39402499144586,0.763523969932259,151
"152",3.44793696407207,0.528328739301311,2.38992778539497,0.762217252149119,152
"153",3.4418014348255,0.527388589737799,2.38567496059647,0.760860903036147,153
"154",3.4421694340461,0.527444978403344,2.38593003821868,0.760942254684291,154
"155",3.4419241605115,0.527407395043013,2.38576002755971,0.760888033356721,155
"156",3.43578387748429,0.52646651705582,2.38150390769155,0.759530633350517,156
"157",3.42945162367937,0.525496223310735,2.37711472382008,0.758130795376277,157
"158",3.42885683860882,0.525405084160062,2.37670245022539,0.75799930937557,158
"159",3.42775668352105,0.525236506962562,2.37593988082812,0.75775610388873,159
"160",3.42619374811226,0.524997017754164,2.37485653655613,0.757410593995428,160
"161",3.42420586570093,0.52469241374916,2.37347864146742,0.756971143307973,161
"162",3.42182684201432,0.524327875012456,2.37182962790656,0.756445225080319,162
"163",3.41908704120095,0.523908054254494,2.36993054269748,0.755839551754745,163
"164",3.41601386267021,0.523437149897566,2.36780037766354,0.755160180374272,164
"165",3.41263213325398,0.522918966166904,2.36545634145327,0.754412599275775,165
"166",3.40896443284152,0.522356962987831,2.36291408525323,0.753601800076363,166
"167",3.44152115464988,0.520283575886993,2.38548068518297,0.750610534788142,167
"168",3.4374687316431,0.519670937161781,2.38267175960138,0.749726683937421,168
"169",3.4695713593337,0.517872110417433,2.40492360547369,0.747131525513932,169
"170",3.46391726072996,0.517028173321702,2.4010044829679,0.745913981651098,170
"171",3.48382265573579,0.519999274893839,2.41480185139412,0.750200375155198,171
"172",3.49913032090643,0.52228411415681,2.42541231634811,0.753496701429115,172
"173",3.49477334134286,0.52163378650306,2.42239228824786,0.752558476948097,173
"174",3.48902192213657,0.520775323225098,2.4184057082408,0.751319976234196,174
"175",3.48311702901233,0.519893952258101,2.41431274822023,0.750048426710926,175
"176",3.4770693337274,0.518991266480522,2.41012080528459,0.748746126416131,176
"177",3.47088876731886,0.518068748210086,2.40583676310425,0.747415213882244,177
"178",3.46458458498352,0.517127778887845,2.40146703689278,0.746057682107419,178
"179",3.4581654237672,0.51616964768894,2.39701761339412,0.744675390978238,179
"180",3.4516393540363,0.515195559205306,2.39249408656001,0.743270078353511,180
"181",3.44501392554973,0.514206640322422,2.38790168948455,0.741843369985333,181
"182",3.43829620882265,0.513203946393305,2.38324532307537,0.740396788426267,182
"183",3.43149283236887,0.51218846679736,2.37852958186814,0.738931761049072,183
"184",3.42795416117053,0.511660280767512,2.37607676190408,0.738169749683144,184
"185",3.4269021840239,0.51150326147936,2.37534758691089,0.737943218734804,185
"186",3.42020358782475,0.510503421501676,2.37070447384173,0.736500754557316,186
"187",3.42781679015096,0.511639776615141,2.37598154356918,0.7381401684442,187
"188",3.42273217880904,0.510880841826493,2.37245715955328,0.737045256988261,188
"189",3.41925735263031,0.510362185375843,2.37004859358456,0.736296993898982,189
"190",3.41810260516549,0.510189826474794,2.36924818363507,0.736048332567187,190
"191",3.41663847394584,0.509971288607685,2.36823332520819,0.735733049070062,191
"192",3.41488597509092,0.509709708664083,2.36701858556797,0.735355668982631,192
"193",3.4128642718646,0.509407946974232,2.36561724767672,0.734920318889152,193
"194",3.41059089909441,0.509068620806145,2.3640414657507,0.73443077470921,194
"195",3.40935101538721,0.508883554374122,2.36318204385483,0.734163780285495,195
"196",3.40782557642409,0.5086558656445,2.36212469013843,0.733835294884403,196
"197",3.40603331959239,0.508388351380714,2.3608823923687,0.733449353382672,197
"198",3.40399139542829,0.508083571491023,2.35946703839143,0.733009648947252,198
"199",3.40972415267298,0.508939249263676,2.36344068291242,0.734244131026457,199
"200",3.40746755283604,0.50860242664241,2.3618765270978,0.733758198701097,200
"201",3.40175640956882,0.507749974996262,2.35791786424435,0.732528370938602,201
"202",3.40672377089498,0.508491408916122,2.3613609767424,0.733598033977931,202
"203",3.40462267134401,0.508177796441851,2.35990460551257,0.733145586816539,203
"204",3.40888563757675,0.508814091560454,2.36285946853762,0.73406356662869,204
"205",3.40659231919083,0.508471788287405,2.36126986136429,0.733569727394183,205
"206",3.40435587251032,0.508137973748858,2.35971967465322,0.733088134814844,206
"207",3.4003275391999,0.507536700203261,2.35692744677675,0.732220680452393,207
"208",3.41835828346762,0.51022798930478,2.36942540632932,0.736103389892754,208
"209",3.41292198631395,0.509416561497638,2.36565725228456,0.734932747019351,209
"210",3.40741035223449,0.508593888816501,2.36183687866211,0.733745881221999,210
"211",3.40182793146284,0.507760650434337,2.35796743944354,0.732543772340172,211
"212",3.42911960054278,0.505672814767864,2.37688458291907,0.729531662177961,212
"213",3.42658458596048,0.505298990548054,2.37512744470867,0.728992347829877,213
"214",3.42093654610582,0.504466106150912,2.37121252180773,0.727790749640486,214
"215",3.41876773384618,0.50414628371023,2.36970921570479,0.727329343391349,215
"216",3.41641075150644,0.503798712895288,2.36807548004137,0.726827904700274,216
"217",3.41434525055676,0.503494125187421,2.36664378388166,0.726388477524619,217
"218",3.41186277457994,0.50312804853772,2.36492306265752,0.72586034055751,218
"219",3.4096618183655,0.50280348601037,2.36339747606294,0.725392095808843,219
"220",3.40428599819515,0.502010744305825,2.35967124146867,0.724248411282991,220
"221",3.40197334326341,0.501669710202279,2.35806823122313,0.723756403073032,221
"222",3.39949364893346,0.501304043746262,2.35634943808967,0.723228857890316,222
"223",3.39685603036264,0.500915089098316,2.35452118021391,0.722667714948594,223
"224",3.3940690051757,0.500504102304246,2.35258936156343,0.722074786338919,224
"225",3.39114054620167,0.500072259071921,2.3505595084822,0.721451768249201,225
"226",3.40830554592046,0.502603484206768,2.36245737964159,0.725103554198618,226
"227",3.42200680447761,0.504623931081633,2.3719543683806,0.728018442885366,227
"228",3.41889176180873,0.504164573410281,2.36979518533735,0.727355729850912,228
"229",3.41380843219008,0.503414963628153,2.36627168974432,0.726274271535634,229
"230",3.40866587099104,0.502656619300873,2.36270713794835,0.725180211935381,230
"231",3.40346739814288,0.501890029999874,2.35910383115043,0.724074257352431,231
"232",3.39821617086994,0.501115661303117,2.35546395777171,0.722957079473801,232
"233",3.39617297422287,0.500814362684229,2.35404772177647,0.722522397450503,233
"234",3.41294382341011,0.503287464676127,2.3656723886062,0.726090329429828,234
"235",3.40767825055485,0.502510980517726,2.36202257162754,0.724970099585173,235
"236",3.41622431557533,0.503771220246142,2.36794625250137,0.726788241191691,236
"237",3.42370034710486,0.504873668205738,2.37312824267784,0.728378737395838,237
"238",3.4184166814672,0.504094516007354,2.36946588473808,0.727254658383131,238
"239",3.41308861412249,0.503308816141112,2.36577274988025,0.726121133082477,239
"240",3.4077187049131,0.502516946092447,2.36205061245191,0.72497870609024,240
"241",3.40230939550628,0.501719265920177,2.35830116488779,0.72382789686149,241
"242",3.3968630159117,0.500916119217609,2.35452602222755,0.722669201096589,242
"243",3.4101143500892,0.502870218296541,2.36371114715134,0.72548837014717,243
"244",3.40748894328597,0.502483064448687,2.36189135382786,0.72492982521081,244
"245",3.4020578618755,0.501682173682546,2.3581268150608,0.723774384074205,245
"246",3.39937154494514,0.501286037763776,2.35626480205443,0.723202880748677,246
"247",3.39657248287316,0.500873275958552,2.35432464007102,0.722607391339213,247
"248",3.39366610384611,0.500444688730752,2.35231009164278,0.721989070671077,248
"249",3.39065753695424,0.500001032438219,2.35022471198416,0.72134900993798,249
"250",3.38755163405547,0.499543022556917,2.34807186414678,0.720688241353547,250
"251",3.38435298957206,0.499071336600232,2.34585473274149,0.720007742362981,251
"252",3.37922934690911,0.498315782082149,2.34230329427547,0.718917707606622,252
"253",3.37808891168637,0.498147608569318,2.34151280481622,0.718675084513651,253
"254",3.38235350678658,0.498776484216532,2.34446879688616,0.719582360291222,254
"255",3.38613309815863,0.499333839115287,2.34708860998937,0.720386453439672,255
"256",3.40985107016146,0.497073517372666,2.36352865541173,0.71712549847078,256
"257",3.42559334567251,0.49936835902373,2.37444036929781,0.720436255140394,257
"258",3.43829773592539,0.501220350743936,2.38324638158233,0.723108114410903,258
"259",3.43504491547952,0.500746168479918,2.38099169826141,0.722424014010128,259
"260",3.44576521354246,0.502308927719482,2.3884224426385,0.724678599015149,260
"261",3.44242257083165,0.501821651549526,2.38610549926787,0.723975608101211,261
"262",3.46550843729337,0.499673404910256,2.4021074025166,0.72087634332813,262
"263",3.46203307372843,0.499172310546408,2.39969846406014,0.720153416974388,263
"264",3.45848316522481,0.498660467940562,2.39723785498961,0.719414984185219,264
"265",3.45486212019187,0.498138368533309,2.39472793783435,0.718661753959524,265
"266",3.45117318422134,0.497606480289421,2.39217096226711,0.717894401427759,266
"267",3.44741945011482,0.497065249143669,2.3895690720546,0.717113569937808,267
"268",3.46260022340001,0.499254084869749,2.40009158225595,0.720271392385145,268
"269",3.45876239478663,0.498700728580071,2.39743140217312,0.719473068010182,269
"270",3.46919956055773,0.500205608528519,2.40466589420039,0.72164415084894,270
"271",3.46442230237726,0.499516800838575,2.40135455116179,0.720650411410532,271
"272",3.46325768594575,0.499348880930637,2.40054730056585,0.720408154192083,272
"273",3.4594465167378,0.498799368520183,2.39790559937473,0.719615375362615,273
"274",3.45557907069933,0.498241741850009,2.3952248900572,0.718810890130888,274
"275",3.45165787887762,0.497676365858489,2.39250692700155,0.717995224991683,275
"276",3.46653678325306,0.499821676696749,2.4028201976192,0.721090254299206,276
"277",3.46190100107694,0.499153267686562,2.39960691827413,0.720125943934924,277
"278",3.45723217534092,0.498480094299551,2.39637073487868,0.719154760027825,278
"279",3.45253196710229,0.497802396034814,2.39311279879003,0.71817704810207,279
"280",3.44868807746475,0.497248165837993,2.39044841752539,0.717377462945606,280
"281",3.4550173457547,0.49816074968947,2.39483553199558,0.718694043142526,281
"282",3.46394935079847,0.499448608441988,2.40102672610841,0.72055203057815,282
"283",3.45928400052924,0.498775936164223,2.39779295172297,0.719581569618875,283
"284",3.46714754404352,0.499909739077574,2.40324354473911,0.721217301459311,284
"285",3.47412304483151,0.500915499788521,2.40807859344329,0.722668307449316,285
"286",3.48034178360376,0.501812146971122,2.41238909468992,0.723961895893081,286
"287",3.48590253340161,0.502613922189859,2.4162435127341,0.725118613025061,287
"288",3.4914421086313,0.503412644359162,2.42008325368605,0.726270925537763,288
"289",3.49758847948281,0.504298857192514,2.42434359331246,0.727549460397611,289
"290",3.4929643462682,0.503632127784719,2.42113838841221,0.726587573187371,290
"291",3.48831277897357,0.502961442801453,2.41791416765676,0.725619979288014,291
"292",3.49154138148228,0.503426957988566,2.42015206438282,0.72629157573992,292
"293",3.48688570046228,0.502755679868909,2.41692499221022,0.725323126125634,293
"294",3.48220516806616,0.502080818560251,2.41368069437633,0.724349507062345,294
"295",3.48512120834775,0.502501267046445,2.41570193947591,0.724956086008327,295
"296",3.48770783850844,0.502874219622675,2.41749485487894,0.725494142840541,296
"297",3.48998869166009,0.503203083822838,2.41907582181029,0.725968593591242,297
"298",3.49198469245232,0.503490876661927,2.42045934413182,0.726383790893,298
"299",3.48737644149519,0.502826437233169,2.41726514797356,0.725425207424159,299
"300",3.4959626106309,0.504064431728005,2.42321662690179,0.727211255942506,300
"301",3.49133434491238,0.503397106476243,2.42000855756812,0.726248509111129,301
"302",3.48791813921127,0.502904541773131,2.41764062421818,0.725537888456632,302
"303",3.4833107091901,0.502240220710805,2.41444699708938,0.724579475754456,303
"304",3.4786823936387,0.501572888273902,2.41123889321419,0.723616718557112,304
"305",3.47403427523907,0.500902700568636,2.40801706305058,0.72264984207826,305
"306",3.46936739745854,0.500229808047063,2.40478222987498,0.721679063374336,306
"307",3.46468276621186,0.499554355746736,2.40153509093438,0.720704591690297,307
"308",3.46972445664375,0.500281290529954,2.4050297244425,0.721753336897095,308
"309",3.47162523527776,0.500555353787689,2.40634724379353,0.72214872659992,309
"310",3.47716203411324,0.501353675643338,2.41018506029567,0.723300461582098,310
"311",3.47881167552011,0.50159152874731,2.41132850458578,0.723643611075659,311
"312",3.48380323907056,0.502311235999568,2.41478839278736,0.724681929159383,312
"313",3.47919070798342,0.501646179441413,2.41159122986907,0.723722455361021,313
"314",3.47865173583932,0.501568467887317,2.41121764284699,0.723610341287308,314
"315",3.4779872721049,0.501472662361916,2.41075707168289,0.723472123130922,315
"316",3.479452413017,0.501683913311515,2.41177262997523,0.723776893828292,316
"317",3.47868028502736,0.50157258424434,2.41123743163618,0.723616279935171,317
"318",3.47994604563787,0.50175508759861,2.41211479003462,0.723879576619322,318
"319",3.47948518652651,0.501688638751198,2.41179534684095,0.723783711196687,319
"320",3.48056333525614,0.501844091336722,2.41254266259311,0.724007981870916,320
"321",3.48145279841149,0.501972338343305,2.41315919147145,0.724193003191323,321
"322",3.47848809689286,0.501544873649695,2.41110421697262,0.723576301997696,322
"323",3.47411793750764,0.500914763390399,2.40807505331616,0.722667245051398,323
"324",3.47114232358678,0.500485725294996,2.40601251491647,0.722048273918807,324
"325",3.46812074066975,0.500050059172208,2.40391811323671,0.721419740563977,325
"326",3.47908000496264,0.501630217756042,2.41151449638234,0.723699427516692,326
"327",3.47475889687669,0.501007179945181,2.40851933249566,0.722800573956677,327
"328",3.47171862949662,0.500568819808096,2.40641197973302,0.722168153960782,328
"329",3.46863579755515,0.500124322511139,2.40427512346465,0.721526879914773,329
"330",3.46436984683136,0.499509237549753,2.40131819174805,0.720639499891256,330
"331",3.46893952088971,0.500168114778703,2.40448564843767,0.721590058802017,331
"332",3.46586012383943,0.49972411274061,2.40235117305444,0.720949499263515,332
"333",3.46274116533792,0.49927440654528,2.40018927576284,0.720300710365655,333
"334",3.45958410805776,0.498819207087763,2.39800097041023,0.71964399636568,334
"335",3.45541969146658,0.498218761798066,2.39511441679138,0.718777736923909,335
"336",3.45226080308842,0.497763298324175,2.39292484221835,0.71812064202882,336
"337",3.44906644241313,0.497302720286634,2.39071068012258,0.717456168378118,337
"338",3.4485825307563,0.497232947614133,2.39037525812201,0.717355507689511,338
"339",3.445377653962,0.496770853312791,2.388153806808,0.716688846532542,339
"340",3.44481108885,0.496689163274016,2.38776109379801,0.716570992718711,340
"341",3.44414249096294,0.496592761666925,2.38729765705767,0.716431914598227,341
"342",3.44014384104152,0.496016217400064,2.38452600413859,0.715600137043574,342
"343",3.4589107780377,0.49352483182003,2.39753425360524,0.712005827422317,343
"344",3.47758058540872,0.491242902400013,2.41047517794606,0.7087136991644,344
"345",3.49615407446348,0.489150850650948,2.42334933951753,0.70569550648074,345
"346",3.49289881866525,0.488695404149199,2.42109296813898,0.705038436071276,346
"347",3.48882634315659,0.488125619518176,2.41827014322226,0.704216410609726,347
"348",3.48978678987744,0.488259996699645,2.41893587415889,0.704410275903039,348
"349",3.48655196078684,0.487807408121546,2.41669366149515,0.703757328605852,349
"350",3.49916272706484,0.48957179462193,2.42543477858545,0.706302800260168,350
"351",3.49588263036316,0.489112872601426,2.42316118880471,0.705640715737033,351
"352",3.49257339642233,0.488649873957006,2.42086740262881,0.70497274988879,352
"353",3.49666913458529,0.489222913292168,2.42370635198878,0.705799470895863,353
"354",3.49269886956178,0.488667429045137,2.42095437398166,0.704998076527378,354
"355",3.48871347798967,0.488109828425669,2.41819191105002,0.704193628878875,355
"356",3.48544978391395,0.487653201315021,2.41592969070322,0.703534855210808,356
"357",3.50351425169751,0.485690205123143,2.42845102561572,0.700702850339502,357
"358",3.49951809630357,0.485136220354266,2.42568110177133,0.699903619260715,358
"359",3.49882956256985,0.485040769311016,2.42520384655508,0.69976591251397,359
"360",3.5025719803752,0.485559578581067,2.42779789290533,0.70051439607504,360
"361",3.49931480242192,0.485108037838087,2.42554018919044,0.699862960484384,361
"362",3.49603126372599,0.484652842720218,2.42326421360109,0.699206252745198,362
"363",3.49272231039954,0.484194124386451,2.42097062193226,0.698544462079907,363
"364",3.48938885785763,0.483732009740261,2.41866004870131,0.697877771571527,364
"365",3.48553879727888,0.483198278013232,2.41599139006616,0.697107759455776,365
"366",3.4816747303228,0.482662604590011,2.41331302295006,0.69633494606456,366
"367",3.49936529714396,0.480845693669378,2.42557518946465,0.693713697689626,367
"368",3.49546093851484,0.480309198084055,2.42286889428898,0.69293969816922,368
"369",3.49154393085473,0.479770964402944,2.42015383147314,0.692163191106642,369
"370",3.48827992609031,0.479322459459385,2.41789139577335,0.691516135248755,370
"371",3.4849928250548,0.478870780871022,2.41561295095838,0.69086450078925,371
"372",3.4816834505871,0.478416041703655,2.41331906737667,0.690208450847591,372
"373",3.47835259983588,0.477958351493009,2.41101029756959,0.689548143450428,373
"374",3.47500104524655,0.477497816380344,2.40868717695551,0.688883731727231,374
"375",3.47162953550019,0.47703453924148,2.40635022448059,0.688215364096434,375
"376",3.46823879640742,0.47656861980962,2.40399994323842,0.687543184442637,376
"377",3.46482953175996,0.476100154792365,2.40163682106025,0.686867332285413,377
"378",3.46140242414223,0.47562923798323,2.39926133107755,0.686187942940202,378
