"","ShannonWiener","Pielou","Richness"
"1",0,0,1
"2",0.693147180559945,1,2
"3",0.636514168294813,0.918295834054489,2
"4",1.03972077083992,0.946394630357186,3
"5",0.950270539233235,0.864973520717927,3
"6",1.01140426470735,0.920619835714305,3
"7",1.27703425946614,0.921185496588554,4
"8",1.25548232517875,0.905639062229566,4
"9",1.31078367809971,0.945530556036326,4
"10",1.31383403319275,0.947730922119161,4
"11",1.3730039128772,0.990412968114539,4
"12",1.54542290319359,0.960225238422717,5
"13",1.59109556359594,0.988603257884972,5
"14",1.59836862781974,0.993122266768517,5
"15",1.58678470752805,0.985924772412132,5
"16",1.721402322014,0.960732928486008,6
"17",1.84386143796137,0.947557336527851,7
"18",1.87896749318881,0.965598280116377,7
"19",1.98626651786474,0.955192285069083,8
"20",2.08546843531737,0.949137587858984,9
"21",2.07049304042782,0.942321991927636,9
"22",2.04755929604475,0.931884395052181,9
"23",2.02859675599048,0.923254171155242,9
"24",2.00463679569014,0.912349523288348,9
"25",1.97756290247596,0.900027663477819,9
"26",2.0112074064474,0.915339937115426,9
"27",2.02440501690024,0.921346428481381,9
"28",1.99853232389442,0.909571258445196,9
"29",1.9713541031434,0.897201917126444,9
"30",1.94342605458336,0.884491314465204,9
"31",1.91514407922046,0.871619632774298,9
"32",1.8867931315535,0.858716560435043,9
"33",1.85857936360517,0.845875921276285,9
"34",1.8306519511739,0.833165608129721,9
"35",1.8031182929478,0.820634500244755,9
"36",1.77605481517112,0.808317380704114,9
"37",1.74951478476912,0.79623849233023,9
"38",1.75402608118489,0.798291671810519,9
"39",1.75468735862719,0.798592632144353,9
"40",1.75237299154776,0.797539318294094,9
"41",1.74772456999127,0.795423730472789,9
"42",1.76507228629028,0.803319016406665,9
"43",1.74466167995205,0.794029749142517,9
"44",1.73959912321827,0.791725680279463,9
"45",1.72044845792963,0.783009836898603,9
"46",1.78777984360147,0.776422920933976,10
"47",1.82321301034941,0.791811349728963,10
"48",1.84671208801549,0.80201686948916,10
"49",1.86274256592062,0.808978817585629,10
"50",1.89580094065954,0.823335887315433,10
"51",1.95513733393158,0.81535559793231,11
"52",1.97584668505614,0.823992068156634,11
"53",1.98972613389571,0.829780247897847,11
"54",1.99876185324055,0.833548435544467,11
"55",2.00414471809286,0.835793264546536,11
"56",2.05793444622303,0.828173745037304,12
"57",2.08582916162756,0.839399404321893,12
"58",2.08746931603232,0.840059451010128,12
"59",2.08691650200964,0.839836982281681,12
"60",2.08457582164783,0.838895023209695,12
"61",2.08075986141314,0.83735936784211,12
"62",2.08940912236668,0.840840086505839,12
"63",2.13775430915246,0.833448934550559,13
"64",2.18483673513996,0.827885287152318,14
"65",2.209383259939,0.837186534428602,14
"66",2.23341906008246,0.846294256293427,14
"67",2.24915385053745,0.852256533155854,14
"68",2.25964832147521,0.856233131473744,14
"69",2.30265088008043,0.850298446883748,15
"70",2.30888881048719,0.852601923534298,15
"71",2.33086657323185,0.860717638204476,15
"72",2.33413678813175,0.861925228410363,15
"73",2.33521387879649,0.86232296500487,15
"74",2.34943713973697,0.867575179655353,15
"75",2.36346129938354,0.872753872295863,15
"76",2.38417668998926,0.880403431597712,15
"77",2.39772947474379,0.885408059927354,15
"78",2.39262107030109,0.883521682621415,15
"79",2.43022196641255,0.876517294800702,16
"80",2.44971239268109,0.883546980131311,16
"81",2.44349642435025,0.881305043460005,16
"82",2.45212764074508,0.884418096732419,16
"83",2.45148310147583,0.884185628330568,16
"84",2.44950534780508,0.883472304477347,16
"85",2.45521391525617,0.885531234965414,16
"86",2.45858518860118,0.886747164799495,16
"87",2.46008794065322,0.887289168032785,16
"88",2.45736880061419,0.886308445570338,16
"89",2.49136462568682,0.879342401416202,17
"90",2.48749653376499,0.877977134684719,17
"91",2.50542569715427,0.884305342698738,17
"92",2.4949974735826,0.880624637328087,17
"93",2.48969365048168,0.878752620484722,17
"94",2.48379792763096,0.876671688999951,17
"95",2.47738578909539,0.874408485436751,17
"96",2.50948720461378,0.868222988187643,18
"97",2.49958746861574,0.864797914589067,18
"98",2.49589592504021,0.86352072816298,18
"99",2.48936551887117,0.86126136268475,18
"100",2.49797999225255,0.864241765934903,18
"101",2.48851673312596,0.860967702970256,18
"102",2.47889031183591,0.857637189771131,18
"103",2.47255789657088,0.855446324444645,18
"104",2.46587467573727,0.853134088720864,18
"105",2.45888095781411,0.850714428376463,18
"106",2.45161229163116,0.848199642462475,18
"107",2.45829001968932,0.850509977816366,18
"108",2.44960735543304,0.847505982142607,18
"109",2.44078658098142,0.844454203620511,18
"110",2.43184585485737,0.841360924667855,18
"111",2.42280153828158,0.838231805878523,18
"112",2.41366840255222,0.835071957770952,18
"113",2.44295407978135,0.829684057664845,19
"114",2.47180360191027,0.825108312825912,20
"115",2.48817293827349,0.830572531543897,20
"116",2.48162784126642,0.828387724488588,20
"117",2.47245183765129,0.82532469923225,20
"118",2.46321150797081,0.822240201407776,20
"119",2.4568563458167,0.820118796163988,20
"120",2.45029821344395,0.817929637796716,20
"121",2.44355791350954,0.815679670403463,20
"122",2.47106900799103,0.811644209736486,21
"123",2.47095552973507,0.811606936811659,21
"124",2.47017529665288,0.811350662437549,21
"125",2.46166686338836,0.808555993178721,21
"126",2.45310091655629,0.805742433086032,21
"127",2.46885559708132,0.81091719558074,21
"128",2.48033775098369,0.814688609369683,21
"129",2.48906835603397,0.817556252893048,21
"130",2.51502689480732,0.81365006555469,22
"131",2.52154851135409,0.81575990928708,22
"132",2.53648155354785,0.820590979199282,22
"133",2.52797702783163,0.817839633708383,22
"134",2.55309734210101,0.814256753889256,23
"135",2.54680001514035,0.812248353768895,23
"136",2.55498257967931,0.814858010803948,23
"137",2.56125504450398,0.816858481668415,23
"138",2.5660304025876,0.818381481793677,23
"139",2.56958452865138,0.819514995625635,23
"140",2.58000549598424,0.822838544200504,23
"141",2.57187564898764,0.820245700317935,23
"142",2.57984101102,0.822786085177167,23
"143",2.58597728248207,0.824743120030206,23
"144",2.57791777841343,0.822172710546528,23
"145",2.56982026187091,0.819590177782991,23
"146",2.56414724467714,0.817780888145348,23
"147",2.57800154318912,0.822199425561743,23
"148",2.59171458613713,0.826572912483947,23
"149",2.60177717659191,0.829782164283444,23
"150",2.61175034223917,0.832962895919494,23
"151",2.61938524504646,0.835397887752202,23
"152",2.61362283169761,0.833560087089209,23
"153",2.62345288050694,0.836695174616842,23
"154",2.61574486060261,0.834236863622303,23
"155",2.60800380375367,0.831768016188426,23
"156",2.6002346375693,0.829290203872617,23
"157",2.6079001094974,0.831734945084117,23
"158",2.60244057004354,0.829993739686218,23
"159",2.59686484413166,0.828215479058736,23
"160",2.60452632451783,0.830658947251806,23
"161",2.59887057060673,0.828855163375448,23
"162",2.59152093486006,0.826511151477951,23
"163",2.58414595890102,0.824159057852146,23
"164",2.58908070414228,0.82573289116244,23
"165",2.59297775928329,0.826975775018264,23
"166",2.59600083533302,0.827939921606184,23
"167",2.59827331502459,0.82866468125652,23
"168",2.59989164131751,0.829180812424837,23
"169",2.60292644221031,0.830148698405101,23
"170",2.60397895964262,0.830484376725592,23
"171",2.61348312571796,0.833515530802375,23
"172",2.61400095669219,0.833680682111408,23
"173",2.61406415339719,0.833700837372637,23
"174",2.61371732060525,0.833590222340983,23
"175",2.63399278376343,0.828806849843399,24
"176",2.62721991827088,0.826675713665694,24
"177",2.63311871772224,0.828531817988104,24
"178",2.63785177005653,0.830021110676948,24
"179",2.6311325215455,0.827906845510365,24
"180",2.62438975752115,0.825785180999852,24
"181",2.62464322653668,0.825864937048384,24
"182",2.61794621013594,0.823757667392726,24
"183",2.61787157485864,0.8237341828071,24
"184",2.6174389197135,0.823598044412903,24
"185",2.61667969149956,0.823359147196406,24
"186",2.62063431382024,0.824603500669251,24
"187",2.62789877985691,0.826889322881354,24
"188",2.62145296433314,0.82486109558633,24
"189",2.62735577783694,0.826718462962374,24
"190",2.62092208859751,0.82469405129949,24
"191",2.61447191956406,0.8226644541379,24
"192",2.60800769388188,0.820630433939611,24
"193",2.61703642357381,0.82347139579045,24
"194",2.61307022814543,0.822223400746909,24
"195",2.6090056911349,0.820944461739737,24
"196",2.6139199071804,0.82249075903608,24
"197",2.60978559655208,0.821189865203242,24
"198",2.61385194852967,0.822469375304286,24
"199",2.61718247518331,0.823517352094936,24
"200",2.61301808721178,0.822206994186029,24
"201",2.60877366337036,0.82087145235194,24
"202",2.60445443099169,0.819512371414598,24
"203",2.6000652854549,0.818131291744116,24
"204",2.5956108168839,0.816729657659614,24
"205",2.59109533411715,0.815308824971498,24
"206",2.58652288629027,0.813870067772604,24
"207",2.58189728232248,0.812414584569766,24
"208",2.59327679544027,0.815995239185847,24
"209",2.60206683746155,0.818761096056281,24
"210",2.60917786305243,0.820998637007596,24
"211",2.61504655846494,0.822845268853936,24
"212",2.61993245589585,0.824382655472204,24
"213",2.62400848585701,0.825665210828011,24
"214",2.64148338040239,0.82062295165131,25
"215",2.65236957152448,0.824004937075533,25
"216",2.66075405270931,0.826609722609679,25
"217",2.66751670260477,0.828710657924803,25
"218",2.67307940512516,0.830438808628045,25
"219",2.66765360637028,0.828753189470895,25
"220",2.66220697347847,0.827061097825194,25
"221",2.66546275888288,0.828072564430788,25
"222",2.6681450567151,0.828905867104813,25
"223",2.66274243387183,0.827227447949428,25
"224",2.66545305567301,0.828069549959153,25
"225",2.66766457607691,0.828756597401871,25
"226",2.66943297294693,0.829305980778624,25
"227",2.67080424767433,0.829731991225132,25
"228",2.66552155966394,0.828090831920515,25
"229",2.66022176384052,0.826444357774952,25
"230",2.65490651949816,0.82479308427714,25
"231",2.64957740289781,0.82313750112007,25
"232",2.64423591198295,0.82147807366605,25
"233",2.64479686966673,0.821652344968922,25
"234",2.64481899423984,0.821659218354015,25
"235",2.66104297652042,0.816747737664142,26
"236",2.66078281716648,0.816667887558136,26
"237",2.66030819979848,0.816522214352183,26
"238",2.65646025631933,0.815341174001092,26
"239",2.65256246265648,0.81414483324895,26
"240",2.64861767644902,0.812934069184281,26
"241",2.654145019084,0.814630563616068,26
"242",2.65881178142445,0.816062922137674,26
"243",2.66428576127103,0.817743038052811,26
"244",2.66822025410094,0.818950642795026,26
"245",2.66428362638892,0.817742382798405,26
"246",2.67074570789721,0.819725774460646,26
"247",2.66582604496089,0.818215793746782,26
"248",2.6686732021958,0.819089665101324,26
"249",2.67407383211913,0.820747267894951,26
"250",2.68945536977405,0.816015925276843,27
"251",2.68453500446727,0.814523022106319,27
"252",2.69428346861494,0.817480833595179,27
"253",2.69551534718026,0.817854601659376,27
"254",2.69876608157952,0.818840916981229,27
"255",2.6996997017501,0.819124189548572,27
"256",2.70094212448477,0.819501156851622,27
"257",2.70189047055172,0.819788897448472,27
"258",2.69813634815761,0.818649847626914,27
"259",2.70047584232105,0.819359680746256,27
"260",2.7024269314391,0.819951666696222,27
"261",2.69773042099028,0.818526684016629,27
"262",2.6993589379999,0.819020797371091,27
"263",2.69467551426644,0.817599785372052,27
"264",2.68997987447623,0.816175066861667,27
"265",2.68527310048142,0.814746970088018,27
"266",2.6805562267098,0.813315808910026,27
"267",2.67583024252263,0.811881883512835,27
"268",2.67109609442932,0.810445481079771,27
"269",2.66635468816949,0.80900687642408,27
"270",2.66160689067214,0.807566332583358,27
"271",2.65685353190067,0.806124101379349,27
"272",2.65941337862235,0.80690079234609,27
"273",2.65467677257149,0.805463644136568,27
"274",2.64993596952692,0.804025222504274,27
"275",2.65153434366839,0.804510190118406,27
"276",2.64681464597541,0.803078172125747,27
"277",2.642091963648,0.801645248555978,27
"278",2.64346342933448,0.802061369177915,27
"279",2.64806051478119,0.803456185011831,27
"280",2.65203953983986,0.804663473242544,27
"281",2.64899719326932,0.803740385512711,27
"282",2.64436548062826,0.802335063335258,27
"283",2.64894479262353,0.803724486471611,27
"284",2.64432322640525,0.8023222428515,27
"285",2.63969966207486,0.800919392978049,27
"286",2.6350746908681,0.79951611623991,27
"287",2.63044888020124,0.798112584798602,27
"288",2.62582277469024,0.796708963897727,27
"289",2.62119689711804,0.795305412156464,27
"290",2.61657174935316,0.793902081848283,27
"291",2.61194781322257,0.79249911916579,27
"292",2.60921623945204,0.791670323967003,27
"293",2.60644389083896,0.790829157147834,27
"294",2.60363259016123,0.789976171762929,27
"295",2.6061093659635,0.790727657926526,27
"296",2.60327356189654,0.789867237892933,27
"297",2.60040220528135,0.788996030751341,27
"298",2.59749688144544,0.788114517510841,27
"299",2.59455910715632,0.787223158378528,27
"300",2.59159033439823,0.78632239390541,27
"301",2.58859195388252,0.785412646051492,27
"302",2.58556529831469,0.78449431917705,27
"303",2.58251164543908,0.783567800966423,27
"304",2.57943222087976,0.782633463289981,27
"305",2.58312099834481,0.78375268660564,27
"306",2.58638681361028,0.784743577659491,27
"307",2.58330168642899,0.783807509732975,27
"308",2.58019305324365,0.78286430977748,27
"309",2.57706199238305,0.781914304972055,27
"310",2.573909540044,0.780957809712362,27
"311",2.5698950119337,0.779739749391567,27
"312",2.56675550656361,0.778787182411545,27
"313",2.56836540475539,0.779275646573223,27
"314",2.56976275186387,0.779699619957009,27
"315",2.57043232658166,0.779902777681436,27
"316",2.56650474835725,0.778711099092936,27
"317",2.57021659942105,0.779837323240159,27
"318",2.57436580249513,0.781096245705916,27
"319",2.57765660938914,0.782094719546641,27
"320",2.58058870477144,0.78298435562437,27
"321",2.59363946229779,0.778355426378502,28
"322",2.59621201076805,0.779127452363824,28
"323",2.59982108022563,0.780210539985416,28
"324",2.60303061347558,0.781173726140452,28
"325",2.60588730514654,0.782031023963028,28
"326",2.60842864776124,0.782793685020279,28
"327",2.61068543404081,0.783470950257956,28
"328",2.6129377829307,0.784146883827762,28
"329",2.61493211976758,0.784745387560288,28
"330",2.62182030566308,0.78681254336494,28
"331",2.6276494458253,0.788561877820381,28
"332",2.63269151168961,0.790075009997266,28
"333",2.6288993263223,0.78893696899296,28
"334",2.63332260749358,0.790264402875779,28
"335",2.63680067498503,0.791308176593996,28
"336",2.6389934997308,0.791966246871219,28
"337",2.63606456522986,0.791087268857714,28
"338",2.6331162224747,0.790202466395514,28
"339",2.6301493050139,0.7893120896339,28
"340",2.62716461627185,0.788416379681844,28
"341",2.62351282587247,0.787320471436049,28
"342",2.62053916982166,0.786428072412601,28
"343",2.61754912319321,0.78553075455011,28
"344",2.6145434060678,0.784628733945964,28
"345",2.61097068574361,0.783556554758499,28
"346",2.60739377319239,0.782483117476873,28
"347",2.60442777722459,0.78159301725681,28
"348",2.60144719650061,0.780698540127667,28
"349",2.59845267786838,0.779799880209561,28
"350",2.59993091787808,0.780243502443784,28
"351",2.60202199366123,0.780871037691626,28
"352",2.6038905346065,0.781431789872222,28
"353",2.6009170732303,0.780539449270942,28
"354",2.60279420631239,0.781102779965788,28
"355",2.60446734266784,0.781604890910762,28
"356",2.60595158715542,0.782050315098578,28
"357",2.61791344240711,0.777452761677202,29
"358",2.6210467740583,0.778383280351351,29
"359",2.63291552492677,0.77411429842983,30
"360",2.63721672236188,0.77537891113896,30
"361",2.63785370073485,0.775566191764424,30
"362",2.6496006842211,0.771581408562165,31
"363",2.64618588047706,0.770586994913919,31
"364",2.64668486487119,0.77073230250082,31
"365",2.64973240599551,0.771619766822278,31
"366",2.65131050205938,0.772079318931792,31
"367",2.65404036030231,0.772874271877266,31
"368",2.65825045648883,0.774100279994309,31
"369",2.66199131209934,0.775189642122866,31
"370",2.65862894912513,0.774210499576901,31
"371",2.65985001893363,0.774566083257268,31
"372",2.66091355052004,0.7748757907556,31
"373",2.661829567209,0.775142540930953,31
"374",2.66260706258805,0.775368952776063,31
"375",2.66325415251383,0.775557389682566,31
"376",2.66043734048363,0.774737115213715,31
"377",2.65760762375112,0.773913082809397,31
"378",2.65435529012478,0.772965981544112,31
