"","empEntropy","evenness_log2","entropy","evenness"
"1",0,1,0,1
"2",0,1,0,1
"3",0,1,0,1
"4",0,1,0,1
"5",0,1,0,1
"6",0.650022421648354,0.450561208866305,0.450561208866305,0.650022421648354
"7",0.863120568566631,0.598269588585257,0.598269588585257,0.863120568566631
"8",1.2987949406954,0.567998328578071,0.900256051268537,0.819448371872804
"9",1.43552050428267,0.627792133710914,0.995026990179521,0.905712598013837
"10",1.48547529722733,0.64963872242787,1.02965301406457,0.93723056321613
"11",1.49491884823395,0.653768643957074,1.03619878481928,0.943188780525573
"12",1.48335575498169,0.648711788995073,1.02818385933293,0.935893280949399
"13",1.7604950297662,0.610141083136119,1.22028216627224,0.880247514883099
"14",1.86312056856663,0.645708384572601,1.2914167691452,0.931560284283315
"15",1.90861269887271,0.661474755502264,1.32294951100453,0.954306349436356
"16",1.9237949406954,0.666736519559251,1.3334730391185,0.961897470347699
"17",1.92105569870267,0.665787170627185,1.33157434125437,0.960527849351333
"18",1.90719967070895,0.660985037258382,1.32197007451676,0.953599835354474
"19",1.89902275117565,0.658151132898298,1.3163022657966,0.949511375587827
"20",1.88338309822901,0.652730842225848,1.3054616844517,0.941691549114507
"21",1.86282144759953,0.645604717145106,1.29120943429021,0.931410723799767
"22",1.839034323558,0.637360728163597,1.27472145632719,0.919517161778999
"23",2.01709497815508,0.60214771512881,1.39814369702982,0.868715522498954
"24",2.18293164689847,0.585344242317103,1.51309291640275,0.844473235603793
"25",2.33790657010494,0.577238501177145,1.62051334748081,0.832779123058446
"26",2.40625739153553,0.594114592900113,1.66789052664438,0.857126176896759
"27",2.44364202090762,0.603345007708707,1.69380357708992,0.870442850566465
"28",2.57865392227517,0.595795565288294,1.78738669586488,0.859551307425058
"29",2.59423132299845,0.599394709085557,1.79818412725667,0.864743774332816
"30",2.7185992458837,0.594458670630783,1.88438940235668,0.857622576132476
"31",2.77197887516931,0.606130851998424,1.92138934189533,0.874461974307929
"32",2.79988662519037,0.612233260804333,1.94073352013821,0.883265889229691
"33",2.8126141044571,0.615016297111298,1.94955553650758,0.887280961908363
"34",2.81515751871559,0.615572449203687,1.95131849692984,0.888083319774032
"35",2.81046828848578,0.614547085287723,1.94806817021705,0.886604032337365
"36",2.80047430849376,0.612361765745182,1.94114087116301,0.883451282670584
"37",2.78651443341964,0.609309249346783,1.93146462311442,0.879047432400381
"38",2.76955736858239,0.605601356675139,1.91971088143191,0.873698074030851
"39",2.75032474602588,0.601395882383554,1.90637984333209,0.867630857125796
"40",2.72936588746849,0.596812943130985,1.89185226961528,0.861019073393419
"41",2.70710589485227,0.591945493234158,1.87642281849406,0.853996827565491
"42",2.68387797450308,0.586866392784466,1.86032245099374,0.846669234534544
"43",2.65994593143347,0.581633326332992,1.84373402281501,0.83911951551636
"44",2.66185391748668,0.582050533412884,1.84505653796834,0.839721418101544
"45",2.65981010974692,0.581603627075423,1.84363987839591,0.839076668544747
"46",2.65462153411778,0.580469074501837,1.84004343182745,0.837439855173206
"47",2.64690341880322,0.578781403699819,1.83469364195793,0.835005060876481
"48",2.63713578819544,0.57664557852621,1.8279232363414,0.83192371649031
"49",2.62569995830137,0.574144978907976,1.81999652309296,0.828316113821835
"50",2.61290317513356,0.571346788361206,1.81112646891996,0.824279178196548
"51",2.7009027785978,0.563565222508246,1.87212314595159,0.813052751730132
"52",2.71105923233439,0.565684448774112,1.87916306322359,0.816110148954418
"53",2.71679791282688,0.566881870900626,1.8831408134271,0.81783766391819
"54",2.71899842331863,0.567341025222928,1.88466609107024,0.818500083581978
"55",2.70429789019843,0.564273640019534,1.87447645798525,0.814074782160546
"56",2.68887204082876,0.561054911710881,1.86378407398692,0.809431138791683
"57",2.67793748922111,0.558773329027258,1.85620482036939,0.806139510768642
"58",2.66282302576476,0.55561957390939,1.84572827263895,0.801589603899915
"59",2.66214952124428,0.555479041740683,1.84526143487948,0.801386858837037
"60",2.64720893088116,0.552361566650827,1.83490540679338,0.796889292984807
"61",2.63760143741595,0.550356885388188,1.82824599978573,0.793997149268634
"62",2.62713290756695,0.548172541915911,1.82098976783628,0.790845807773582
"63",2.6159339032445,0.545835779033195,1.8132272095651,0.787474571550954
"64",2.60411592186255,0.543369861577781,1.80503560909029,0.783917004666787
"65",2.59177467871671,0.540794761320702,1.79648131119915,0.780201920296107
"66",2.57899271219811,0.538127700565229,1.78762152714477,0.776354164970437
"67",2.56584147623107,0.535383588750929,1.77850578501333,0.772395248464301
"68",2.55238303853187,0.532575376809106,1.76917710686739,0.768343855022068
"69",2.54276504642567,0.530568504920061,1.76251042275633,0.765448550900043
"70",2.53263532470723,0.528454856506117,1.75548903470734,0.762399200815064
"71",2.53566535453598,0.529087096751184,1.75758929134015,0.763311330681272
"72",2.52548181681197,0.526962219192159,1.75053060087862,0.76024578036437
"73",2.51491032566014,0.524756392010804,1.74320300159242,0.757063444428772
"74",2.51709470037632,0.525212179472952,1.74471709476822,0.757721006740112
"75",2.51787592308421,0.525375187913201,1.74525859708559,0.757956178208482
"76",2.51742803806401,0.525281733079112,1.74494814684663,0.757821351382794
"77",2.51589887635505,0.524962661113399,1.74388821271943,0.757361027840175
"78",2.50652042997174,0.523005772378021,1.73738756905081,0.754537834166073
"79",2.49761354674988,0.521147279112526,1.73121378805801,0.751856595148418
"80",2.48837329562803,0.51921922593683,1.72480893404523,0.749075002393272
"81",2.47958384277668,0.517385235468479,1.71871654958265,0.746429113439543
"82",2.47049269125462,0.515488293130908,1.71241504353709,0.743692404136277
"83",2.46113712263483,0.51353617802603,1.70593025752575,0.740876097355226
"84",2.45155050004246,0.511535851639912,1.69928531710476,0.737990236397813
"85",2.44176273885478,0.509493556058115,1.69250095803352,0.735043826689925
"86",2.4318007103982,0.50741489820036,1.68559580609619,0.732044957306837
"87",2.42168858987527,0.5053049224183,1.67858661826623,0.729000905709664
"88",2.41503978287876,0.50391759503129,1.67397801644251,0.726999415368335
"89",2.40807602114559,0.502464549789623,1.66915110463108,0.724903114203994
"90",2.40083043676526,0.500952699971903,1.66412884824634,0.722721975969401
"91",2.39333294107786,0.499388286821304,1.65893198024936,0.720465004875131
"92",2.38561059017568,0.497776955810444,1.65357925449422,0.718140345616532
"93",2.4457015459351,0.490031692467383,1.69523113105601,0.706966292601119
"94",2.43738890837297,0.488366135253254,1.68946924976681,0.704563401467978
"95",2.42890653017962,0.486666568047621,1.68358971323764,0.702111444288754
"96",2.42027420069633,0.484936955931351,1.67760623839464,0.699616141465949
"97",2.41150992732927,0.483180906948822,1.6715313070206,0.697082698307297
"98",2.40263011549383,0.481401708162387,1.66537629048297,0.694515857041351
"99",2.3936497271962,0.479602357426474,1.65915155965413,0.69191994265783
"100",2.38458242123166,0.477785591478352,1.65286658208953,0.689298903434018
"101",2.37544067749779,0.475953910846078,1.646530008195,0.686656346869345
"102",2.36623590752797,0.474109601995482,1.64014974784272,0.683995571636722
"103",2.42211875715177,0.46831306803443,1.67888478750111,0.675632940836767
"104",2.41254776296791,0.46646253050932,1.67225067986741,0.672963179526312
"105",2.44814300968507,0.473344818649954,1.69692342477074,0.682892222496775
"106",2.47607469192004,0.478745367968274,1.71628419156021,0.690683568216391
"107",2.46979391543001,0.477530989152618,1.71193068904442,0.688931589921283
"108",2.46029994796181,0.475695344628698,1.70534997226151,0.686283314669789
"109",2.45077180874366,0.473853093047625,1.69874556942647,0.683625507449705
"110",2.44121731520655,0.472005745898081,1.69212289916954,0.680960348878257
"111",2.43553678353029,0.470907423526596,1.68818545465406,0.679375804639618
"112",2.42967113516628,0.469773309118187,1.68411969702839,0.677739623406807
"113",2.42059810553633,0.468019052300754,1.67783075212126,0.67520876579585
"114",2.4115019124528,0.466260316863936,1.67152575153157,0.672671446902917
"115",2.40238881868389,0.464498313704677,1.66520903627948,0.670129413683023
"116",2.39707261259621,0.463470433145197,1.66152412301852,0.668646495497236
"117",2.39159086176973,0.462410544756087,1.65772446288862,0.667117399774371
"118",2.38292269336195,0.460734567255273,1.65171614639614,0.664699475345305
"119",2.37423937626413,0.459055660777716,1.64569732963188,0.662277325296017
"120",2.36554599507535,0.457374808423103,1.63967153697135,0.65985236793955
"121",2.35684725057203,0.455692919079582,1.63364202674446,0.657425914524329
"122",2.34814748905386,0.454010833097748,1.6276118115766,0.654999177419988
"123",2.3394507291611,0.452329327475733,1.62158367697692,0.65257327759788
"124",2.33076068641347,0.450649120603765,1.61556019834746,0.650149251476024
"125",2.37933614568047,0.445684909525097,1.64923014098279,0.642987408770903
"126",2.4113591507007,0.451683292780472,1.67142679662561,0.651641246546785
"127",2.43702401846614,0.456490702733362,1.68921632735667,0.65857687304534
"128",2.43239609895535,0.455623824847193,1.68600849799591,0.657326232617907
"129",2.47903113655725,0.451319479796839,1.71833344282497,0.651116375359487
"130",2.4740157067972,0.450406396811764,1.7148570118275,0.649799075064999
"131",2.46886388098289,0.449468482272397,1.71128603828957,0.648445950410277
"132",2.46358589346891,0.448507599391963,1.70762761612523,0.647059689443799
"133",2.45819128454415,0.447525485025698,1.70388835815881,0.645642797918003
"134",2.45268895559857,0.446523759714237,1.70007443436367,0.644197613778825
"135",2.44708721898787,0.445503936761706,1.69619160642572,0.642726320262624
"136",2.43915218105172,0.444059325138761,1.69069145725264,0.640642186238191
"137",2.43363571447517,0.443055026003937,1.68686773399845,0.639193288856811
"138",2.42803236076117,0.442034908650014,1.68298378516992,0.637721570609182
"139",2.42234893340596,0.441000213506579,1.67904433352273,0.636228821056916
"140",2.4165918168812,0.439952102897251,1.67505380443544,0.634716717078535
"141",2.41076699736934,0.438891666635181,1.67101634721352,0.633186830942068
"142",2.40488009087849,0.43781992714152,1.66693585457717,0.631640637689438
"143",2.39893636900252,0.436737844135155,1.66281598051681,0.630079521902325
"144",2.39294078256009,0.435646318936309,1.65866015667843,0.628504783910945
"145",2.39865137563623,0.436685959729217,1.66261843816848,0.63000466852718
"146",2.40373389527612,0.437611256747923,1.66614137232702,0.631339589947416
"147",2.40823684408212,0.438431040123252,1.6692625785961,0.632522287357606
"148",2.41220342414016,0.439153175001661,1.6720120023798,0.633564107765539
"149",2.41567234272619,0.439784708227935,1.6744164735173,0.634475217619242
"150",2.45734582061148,0.435973899328582,1.70330232721761,0.62897738251837
"151",2.4601197428796,0.436466039139562,1.70522506361686,0.629687390183095
"152",2.46246788058218,0.436882637707727,1.70685266864496,0.630288414871428
"153",2.45679472408649,0.435876125666083,1.7029203362151,0.628836324940353
"154",2.45107277413949,0.434860956857024,1.69895418274203,0.627371745933858
"155",2.47857653398692,0.439740579955371,1.71801833633508,0.634411553979251
"156",2.51860785957036,0.436441484199329,1.74576593679732,0.629651964892591
"157",2.51242927707945,0.435370817440971,1.74148326976388,0.628107319269863
"158",2.5062179620914,0.434294478573087,1.73717791429235,0.626554490522851
"159",2.49997722199561,0.433213040722586,1.73285216289034,0.624994305498903
"160",2.49371017760565,0.432127044685249,1.72850817874099,0.623427544401412
"161",2.48741977454267,0.431037000898327,1.72414800359331,0.621854943635668
"162",2.48110879381035,0.429943391273032,1.71977356509213,0.620277198452587
"163",2.47477986162865,0.428846670898608,1.71538668359443,0.618694965407163
"164",2.46843545858747,0.427747269628525,1.7109890785141,0.617108864646868
"165",2.46207792817509,0.426645593558358,1.70658237423343,0.615519482043771
"166",2.45722481718919,0.425804613509154,1.70321845403662,0.614306204297299
"167",2.45231886148506,0.424954476168087,1.69981790467235,0.613079715371266
"168",2.49028547649804,0.422299706165886,1.726134356824,0.60924969185439
"169",2.51601927666585,0.426663613979652,1.7439716678554,0.615545480016206
"170",2.53417635100242,0.42974266946527,1.75655719273902,0.61998761809593
"171",2.55003894794184,0.432432630150406,1.76755230708393,0.623868411036561
"172",2.54482882985057,0.431549104402134,1.76394092841858,0.622593752821032
"173",2.53957579719838,0.430658301252683,1.76029980364634,0.621308595534911
"174",2.57602355064279,0.428200377840482,1.78556346118407,0.617762561617244
"175",2.57060010818663,0.427298864301002,1.78180421733665,0.616461952504541
"176",2.5644578142367,0.426277859431107,1.77754670360309,0.614988953842021
"177",2.55830185294169,0.425254582702199,1.77327971638782,0.613512677579768
"178",2.55213420489415,0.424229363338934,1.76900462853298,0.612033598688562
"179",2.54595674781359,0.42320251346587,1.76472274157456,0.610552167468956
"180",2.539771262137,0.42217432903674,1.76043528961743,0.60906881089193
"181",2.53357943625981,0.421145090705641,1.75614344296814,0.607583933855761
"182",2.52877049454461,0.420345722757725,1.75281013857678,0.606430689681457
"183",2.56388347484665,0.418356621258243,1.77714860187419,0.60356102281233
"184",2.55767549506944,0.417343646421472,1.77284555819464,0.602099609038775
"185",2.55280767123705,0.416549348883625,1.76947143982976,0.600953679919933
"186",2.58735154757758,0.41495725772077,1.79341543032081,0.598656777894639
"187",2.61087226193757,0.418729490040569,1.80971874716419,0.604098958755493
"188",2.6301684340243,0.421824193835697,1.82309383444171,0.608563672573746
"189",2.6238685502143,0.420813823786754,1.81872708774095,0.607106016714672
"190",2.63847506800612,0.423156404783688,1.82885155436615,0.61048564670183
"191",2.65144748148283,0.425236909509594,1.83784334619259,0.613487180552441
"192",2.64514650337588,0.424226363958231,1.83347584098299,0.612029271496897
"193",2.63884446675354,0.423215648643062,1.82910760206643,0.610571117523952
"194",2.63254264216805,0.422204967334184,1.82473951012261,0.609113012611715
"195",2.65517739680755,0.425835110181678,1.84042872648365,0.614350201695513
"196",2.64883139992132,0.424817344556485,1.83603001663412,0.612881876275258
"197",2.64248822660028,0.423800031772294,1.83163326393083,0.611414204166474
"198",2.63614895832621,0.422783345276241,1.82723921799985,0.60994743560048
"199",2.62981462235788,0.42176744981922,1.82284859088268,0.608481808262574
"200",2.62539276245908,0.421058275660281,1.81978359116099,0.607458686220345
"201",2.61915370659745,0.420057661146365,1.81545900718115,0.606015104623278
"202",2.61292038901113,0.419057966932202,1.81113840067066,0.604572850738099
"203",2.60669370329054,0.418059336331066,1.8068223910192,0.60313213132216
"204",2.60047449852406,0.417061905519038,1.80251156676999,0.601693142836018
"205",2.59426358141615,0.416065803874698,1.79820648708795,0.600256071933507
"206",2.58806171829284,0.415071154300767,1.79390768314981,0.598821095925774
"207",2.60636965250618,0.418007365339739,1.80659777613166,0.603057153030703
"208",2.62453505643078,0.420920717491286,1.81918907464574,0.607260231732103
"209",2.61829425003607,0.419919822228352,1.81486327728882,0.605816245099818
"210",2.61206396335349,0.41892061410797,1.8105447716407,0.604374692499728
"211",2.6058448487151,0.41792319775061,1.80623400986353,0.602935724867263
"212",2.59963752544627,0.416927672483148,1.80193142124092,0.601499485500816
"213",2.59344258138062,0.415934132581846,1.79763741322808,0.600066110412281
"214",2.58726057429854,0.41494266750305,1.79335237244894,0.598635728659888
"215",2.58109203329355,0.413953362102335,1.78907666564316,0.597208462664352
"216",2.57493746007073,0.412966296842736,1.78481064056622,0.595784428509295
"217",2.56879733018091,0.411981547992695,1.78055462684481,0.594363736226819
"218",2.56267209419438,0.410999187814293,1.77630893679048,0.592946490069073
"219",2.5565621788174,0.410019284742323,1.77207386617347,0.59153278876659
"220",2.55339248285888,0.409510931579419,1.76987680035659,0.590799390179448
"221",2.54736988301037,0.40854503209822,1.76570225225196,0.589405891787925
"222",2.54136253861134,0.407581579273134,1.76153827841912,0.588015923175042
"223",2.53828540480526,0.407088071150123,1.75940537179722,0.587303941453337
"224",2.53516074193634,0.406586940356125,1.75723952053943,0.586580962541999
"225",2.53199069714295,0.40607853124738,1.75504221292865,0.585847483242069
"226",2.52877732961201,0.405563174074545,1.75281487628447,0.585103980004534
"227",2.52552261484895,0.405041185667516,1.75055887992293,0.584350909918312
"228",2.5198723884312,0.404135007122894,1.74664244141194,0.583043570625826
"229",2.51664491233162,0.403617387229727,1.74440532545319,0.582296802972888
"230",2.5133792683591,0.40309364600531,1.74214175354093,0.581541204105712
"231",2.51007720458799,0.402564063804328,1.73985293734796,0.580777178490613
"232",2.51375416889234,0.40315377223645,1.74240161478853,0.581627947921205
"233",2.51715696562179,0.403699509904281,1.74476025374757,0.582415280948211
"234",2.52030017496105,0.40420361516554,1.74693896043899,0.583142551108716
"235",2.5231972386121,0.404668243789049,1.74894705194062,0.583812868519707
"236",2.51789664936154,0.40381813975824,1.74527296344629,0.582586427650219
"237",2.51260446803471,0.402969384183142,1.74160470288058,0.581361932191099
"238",2.5073211050968,0.402122042893818,1.73794255475629,0.58013947711505
"239",2.51959342227304,0.40409026676587,1.74644907680594,0.582979023934619
"240",2.53970584900793,0.407315880792627,1.76038994869145,0.587632601294843
"241",2.55654399728263,0.410016368803122,1.77206126369391,0.591528581955564
"242",2.57124200097649,0.412373622231818,1.78224914351416,0.594929379787263
"243",2.58215386725097,0.414123658136338,1.78981267285697,0.597454147908092
"244",2.59518123465856,0.416212976327303,1.79884255584566,0.600468396901035
"245",2.60694069966157,0.41809894940061,1.80699359585739,0.603189280901146
"246",2.63448270193052,0.415745056950331,1.82608425707709,0.599793331936342
"247",2.6537282694853,0.418782180547021,1.83942426796596,0.604174975087854
"248",2.65041628092317,0.418259518973887,1.83712857243207,0.603420933828231
"249",2.64707148385248,0.417731679923124,1.83481013577298,0.602659423047307
"250",2.64369533976329,0.417198894031001,1.83246997101639,0.601890775482885
"251",2.64028925546833,0.416661383305214,1.83010905329059,0.601115311424367
"252",2.6671813960432,0.41457060513784,1.84874926470928,0.598098956130698
"253",2.69388357896667,0.412784842046264,1.86725780751748,0.595522644574279
"254",2.68853283756133,0.411964945832827,1.86354895619847,0.594339784373111
"255",2.68319031990704,0.411146309748004,1.8598458051493,0.593158742153243
"256",2.67785638968167,0.410328989518297,1.85614860645228,0.591979598311026
"257",2.67253139499818,0.409513038485192,1.85245760140093,0.590802429801958
"258",2.69105306694149,0.412351121573581,1.86529584608769,0.594896918199207
"259",2.68570794291218,0.411532086112885,1.86159088843703,0.593715299801749
"260",2.7011759791872,0.413902259404858,1.87231251416986,0.597134737056126
"261",2.6958229865029,0.41308201822706,1.86860210238318,0.595951379176583
"262",2.69048000539735,0.412263311127417,1.86489863009408,0.594770234503988
"263",2.68514732511953,0.411446182427666,1.86120229779468,0.593591366981089
"264",2.67982522222031,0.410630674503804,1.85751329717544,0.592414837743528
"265",2.69327760098903,0.412691987802028,1.8668377755908,0.595388684216595
"266",2.70250116900532,0.41410531876274,1.87323106575599,0.597427689784748
"267",2.7144432823904,0.415935213501269,1.88150870797879,0.600067669849373
"268",2.71126899038076,0.415448815486135,1.87930845642203,0.599365945845041
"269",2.70806583336968,0.414957994475461,1.87708819717091,0.598657840806977
"270",2.70483502080709,0.414462935793734,1.87484876855223,0.597943622101901
"271",2.70722178868761,0.414828661176321,1.87650314997927,0.598471252297687
"272",2.71706947756419,0.416337626422324,1.8833290477591,0.600648228974969
"273",2.71193489912623,0.415550852945535,1.87977002919146,0.599513154781702
"274",2.70680921914006,0.41476544298202,1.8762171785606,0.598380047722274
"275",2.71585660756691,0.416151777874837,1.8824883503401,0.600380106197153
"276",2.71074485410427,0.415368501878009,1.87894515283976,0.599250077800881
"277",2.70564237608363,0.414586647160811,1.87540838458588,0.598122099877685
"278",2.70054941559284,0.413806250818464,1.87187821338099,0.596996225944652
"279",2.71117143651659,0.415433867269098,1.87924083723613,0.599344380126452
"280",2.70608691174483,0.4146547635353,1.8757165132261,0.598220371033364
"281",2.70101226672544,0.413877173679849,1.87219903733856,0.597098546005058
"282",2.69594771485024,0.413101130400859,1.86868855748547,0.595978952214944
"283",2.69308121668175,0.412661895757259,1.8667016523619,0.595345270572836
"284",2.69018688063766,0.412218395505014,1.86469545149335,0.59470543495829
"285",2.68726577967326,0.411770794053487,1.86267069859574,0.594059682563877
"286",2.68431895091137,0.411319250321415,1.86062811254784,0.593408242660871
"287",2.698834209393,0.413543429096765,1.87068932303949,0.596617054350119
"288",2.72283170331685,0.411633272463288,1.88732311829331,0.593861280847681
"289",2.74668045807116,0.409972604148079,1.90385381541112,0.591465442904768
"290",2.75919190947021,0.411840077409001,1.91252609267309,0.594159637317293
"291",2.77038179365603,0.413510292066223,1.92028232934728,0.596569247720486
"292",2.7672518688969,0.413043115988088,1.91811283082512,0.59589525510934
"293",2.76409938131611,0.412572572157901,1.91592769294675,0.595216403859008
"294",2.76092524264857,0.412098796662236,1.91372754767864,0.594532890300917
"295",2.76316225169866,0.412432695140697,1.9152781241946,0.595014603979953
"296",2.76522656041443,0.412740816173663,1.91670899396074,0.595459128666208
"297",2.76712584351776,0.413024305298726,1.91802547668889,0.595868117021081
"298",2.76886727513736,0.413284233334379,1.91923254510616,0.596243113909106
"299",2.77045757558674,0.413521603362151,1.92033485737889,0.596585566471028
"300",2.77190305241713,0.413737356854206,1.92133678556844,0.59689683296407
"301",2.78107349445504,0.415106147312675,1.92769325161151,0.59887158017052
"302",2.77636630055971,0.414403546275184,1.92443047343461,0.597857941138007
"303",2.77166559233074,0.413701913295524,1.92117219077906,0.596845698717728
"304",2.78011317771435,0.414962809359464,1.92702761077025,0.59866478721625
"305",2.78792811089396,0.416129275046243,1.93244450966996,0.600347641477934
"306",2.7969741416314,0.41747949573454,1.93871474037088,0.602295598169047
"307",2.80471400648508,0.418634756638842,1.94407960587212,0.603962287346616
"308",2.81189734110523,0.419706949216627,1.9490587140111,0.605509134261464
"309",2.81858166761391,0.420704659284314,1.95369193608453,0.606948525628361
"310",2.81558656320529,0.420257606642828,1.95161588790821,0.606303564999473
"311",2.81257045791303,0.41980741938591,1.94952528302861,0.605654082076446
"312",2.80953415337398,0.419354217166772,1.94742067709805,0.605000249482375
"313",2.80647842627192,0.418898115914107,1.94530260847269,0.604342234467012
"314",2.80197199313948,0.418225480653132,1.94217898705256,0.603371826911677
"315",2.79747059126544,0.417553596363428,1.939058853035,0.60240250277887
"316",2.79447319170678,0.417106201145275,1.93698121398191,0.601757047916323
"317",2.79145738736165,0.416656058808062,1.93489081770296,0.601107629798731
"318",2.78703709291644,0.415996280704105,1.93182690307102,0.600155771200065
"319",2.78262166327255,0.415337228725845,1.92876636046239,0.599204960179341
"320",2.77966304326014,0.414895621786236,1.92671560134244,0.598567856037545
"321",2.77668696341787,0.41445140877285,1.92465273999066,0.597926992126036
"322",2.77235039227497,0.413804127302846,1.92164685792965,0.596993162359202
"323",2.76939408181612,0.413362865089791,1.91959769967024,0.596356555552695
"324",2.76642140530643,0.412919160061642,1.91753719732884,0.595716424508967
"325",2.76343299025433,0.412473105881008,1.91546578586113,0.595072904354599
"326",2.76042944572271,0.412024793457304,1.91338388743735,0.594426126244151
"327",2.75741136295522,0.411574311040214,1.91129191187636,0.593776217495008
"328",2.75437931597651,0.411121744309304,1.90919025706175,0.593123301716654
"329",2.75026190452787,0.410507174860941,1.90633628492492,0.592236665421218
"330",2.74614776046565,0.409893093106338,1.90348457756777,0.591350732719151
"331",2.7420370907754,0.409279529940389,1.90063527846177,0.590465548182366
"332",2.74373827089448,0.409533449991952,1.90181444666493,0.590831877381538
"333",2.74531484076263,0.409768770577777,1.90290724162399,0.591171373223727
"334",2.75826105366286,0.411701136827723,1.91188087259471,0.593959188429705
"335",2.75968762498159,0.411914068461916,1.91286969648216,0.594266383842404
"336",2.76099923617716,0.412109841019259,1.91377883608436,0.594548823940024
"337",2.75810944073891,0.411678506912739,1.91177578252394,0.593926540363582
"338",2.75520585523524,0.411245114485599,1.90976317041856,0.593301287258187
"339",2.75644193105242,0.411429612547687,1.91061995288619,0.593567461697416
"340",2.75354253917875,0.410996846066461,1.90861024758363,0.592943111641088
"341",2.75468981761416,0.411168090131808,1.90940548039645,0.593190164604945
"342",2.75573458140438,0.411324032746295,1.91012965547198,0.59341514224153
"343",2.75185666695819,0.410745210888989,1.90744169000716,0.592580078818436
"344",2.74798076057357,0.410166688757203,1.90475511642454,0.591745447807864
"345",2.74410706260955,0.409588496256752,1.90207007360244,0.590911292354784
"346",2.74511463769984,0.409738888044202,1.90276847143548,0.591128261840729
"347",2.74234965402316,0.409326183481127,1.90085193079569,0.590532855014227
"348",2.76287038407108,0.407424822316158,1.91507581697145,0.587789770690588
"349",2.77755473652879,0.409590240471639,1.92525423447585,0.590913808724952
"350",2.79001016783009,0.411426972268418,1.93388768156501,0.593563652579608
"351",2.78612229748835,0.410853650084249,1.93119281519925,0.592736523507675
"352",2.78223690709639,0.410280693604205,1.92849966780368,0.591909922035271
"353",2.78309876978742,0.410407787606074,1.929097065498,0.592093279921494
"354",2.77923612015049,0.40983818457617,1.92641968079267,0.591271516454976
"355",2.77537615581235,0.409268977532047,1.92374415739463,0.590450324275181
"356",2.77151904929136,0.408700191914007,1.92107061488449,0.589629740084706
"357",2.76766496799409,0.408131852408548,1.91839916929964,0.588809799498639
"358",2.76381407435911,0.407563982969562,1.91572993323391,0.587990537075141
"359",2.7599665259962,0.406996606838874,1.9130630159341,0.587171986345078
"360",2.75612247582129,0.406429746566123,1.91039852339342,0.586354179840704
