"","Entropy","evenness_log2","entropy","evenness","Node"
"1",2.8073549220576,0.693147180559945,1.94591014905531,1,1
"2",3.25162916738782,0.678478740424926,2.25385758960135,0.978837914159631,2
"3",3.57243125132212,0.669169298302227,2.47622064959816,0.96540722817577,3
"4",3.53688672374217,0.662511281700688,2.45158306052179,0.955801740642573,4
"5",3.55350885479768,0.665624853101281,2.46310464379781,0.960293674661663,5
"6",3.64774267858127,0.664089007940547,2.52842255306679,0.958077918464699,6
"7",3.64528301479308,0.663641214379186,2.52671764404688,0.957431888914381,7
"8",3.64419055742092,0.663442327287519,2.52596041029949,0.957144955493536,8
"9",3.69061443722758,0.654776203504025,2.55813899169812,0.944642381687359,9
"10",3.6616702483141,0.649641024402383,2.53807640875915,0.937233884263344,10
"11",3.62146903135246,0.642508661847013,2.51021104856711,0.92694406017489,11
"12",3.60075133150619,0.638832998327727,2.49585063333099,0.921641198643639,12
"13",3.61639417070247,0.641608297410081,2.50669342321584,0.925645108866736,13
"14",3.64288589194031,0.631264021275007,2.52505608510003,0.910721472985078,14
"15",3.83354687358056,0.614821012434268,2.65721220696676,0.886999225673251,15
"16",3.91052217625622,0.627166246517524,2.71056742098914,0.904809633663777,16
"17",3.94318300992266,0.632404363458297,2.73320618575977,0.912366638997827,17
"18",3.97453690884371,0.62721765920405,2.75493905239646,0.904883806491667,18
"19",4.20312839601188,0.612714095948957,2.91338659722708,0.883959587708324,19
"20",4.22940168959877,0.609815148690145,2.93159785660086,0.879777290874237,20
"21",4.23000629295489,0.609902323262949,2.93201693571251,0.879903057198115,21
"22",4.22282892641063,0.608867456592054,2.92704196432851,0.878410060184033,22
"23",4.20458914744989,0.60623755895278,2.91439911296784,0.874615919901807,23
"24",4.21900103661648,0.608315533328362,2.9243886733102,0.877613803228553,24
"25",4.20979704164648,0.606988457781252,2.91800895014686,0.875699237917852,25
"26",4.18685009789922,0.603679858849249,2.90210334078598,0.87092593864636,26
"27",4.253217312479,0.595072420176937,2.94810558845357,0.85850802955906,27
"28",4.23796096351662,0.592937887226205,2.93753069318465,0.855428549456425,28
"29",4.21414267480589,0.589605443650848,2.92102111351905,0.850620849636216,29
"30",4.19511384367516,0.586943098474909,2.90783133287143,0.846779897453753,30
"31",4.17540418899017,0.584185498509386,2.89416964129672,0.842801521658739,31
"32",4.15765069205836,0.581701586776305,2.88186385495336,0.839217994519416,32
"33",4.13796659399026,0.57894756246581,2.86821987787559,0.835244777304177,33
"34",4.1184400265531,0.576215578443153,2.85468509271051,0.831303357502902,34
"35",4.10586048214678,0.57445556022997,2.84596561697254,0.828764187954868,35
"36",4.09308821305033,0.572668577688524,2.83711255465898,0.826186117104169,36
"37",4.08854428184427,0.572032831160366,2.83396294155484,0.825268928740733,37
"38",4.07028905343679,0.569478721611943,2.82130938145372,0.821584127561337,38
"39",4.05234249661698,0.566967798652687,2.80886977619331,0.817961631459963,39
"40",4.04488115983938,0.565923874628167,2.80369797164271,0.816455567446723,40
"41",4.02696038627886,0.563416559033732,2.79127623797578,0.812838275672689,41
"42",4.01296850211471,0.561458938775776,2.78157780291668,0.810014026634592,42
"43",4.00864451437206,0.560853964785078,2.77858064300409,0.809141233658346,43
"44",4.00238699244681,0.559978467851159,2.77424325932431,0.807878158573467,44
"45",3.99347399670468,0.558731440587414,2.76806524145531,0.806079078524208,45
"46",3.99133314407617,0.558431911487136,2.76658131549186,0.805646949376635,46
"47",4.02289722888896,0.552783903459437,2.7884598718868,0.797498596204174,47
"48",4.01209259655045,0.551299245388475,2.78097067144438,0.795356687367781,48
"49",4.00499856447279,0.550324458681274,2.77605346311094,0.793950367419378,49
"50",4.00460818492872,0.55027081686148,2.77578287263062,0.793872978631977,50
"51",3.99898677700087,0.549498382558416,2.77188640957465,0.792758591493533,51
"52",3.98678442584029,0.547821664779625,2.7634283842715,0.790339599069101,52
"53",3.98920596793866,0.548154407431839,2.76510686934959,0.790819645243343,53
"54",3.97725178601499,0.546511790439545,2.7568208618533,0.78844984985448,54
"55",3.97037136188738,0.545566355473072,2.75205171526819,0.787085875516867,55
"56",3.99210510928288,0.539474307004898,2.76711640099838,0.778296907402977,56
"57",3.99229258087947,0.539499641034661,2.76724634640699,0.778333456682081,57
"58",3.9959237453925,0.539990339527226,2.76976327785135,0.779041384963876,58
"59",3.98879998615954,0.539027668212152,2.76482546422404,0.777652543831613,59
"60",3.98617405219601,0.538672811847793,2.76300530550088,0.777140594314525,60
"61",3.97528448812995,0.537201247380599,2.75545723487096,0.775017575555355,61
"62",3.96720681274689,0.536109668323887,2.74985821695371,0.773442759863499,62
"63",3.95962027475245,0.535084459263735,2.74459962953265,0.771963695836542,63
"64",3.95173095119601,0.534018333186932,2.73913116715299,0.770425601032577,64
"65",3.94839081102311,0.533566962354814,2.73681595840946,0.769774410571479,65
"66",3.93866598747654,0.532252795442894,2.73007522438672,0.76787846848475,66
"67",3.94048641766342,0.532498799815683,2.73133705043816,0.76823337777341,67
"68",3.94648720249683,0.529117245755679,2.73549647752658,0.763354826500545,68
"69",3.93929920380798,0.52815352944961,2.73051413650154,0.761964477764955,69
"70",3.93883155684281,0.528090830633803,2.73018998832614,0.761874022494321,70
"71",3.94197740469389,0.528512603786766,2.73237052389458,0.762482512530481,71
"72",3.94043255828826,0.528305481646666,2.73129971796412,0.7621836984461,72
"73",3.93278899441437,0.52728068636489,2.7260016032155,0.760705231375155,73
"74",3.92816461556312,0.526660682174946,2.72279622805292,0.759810754404993,74
"75",3.92094695345287,0.525692988805979,2.71779332591097,0.758414667980484,75
"76",3.91948992471364,0.525497640640906,2.71678339054837,0.758132840151486,76
"77",3.92044750141305,0.52562602578947,2.71744713213774,0.758318060768642,77
"78",3.91541913592741,0.524951857913103,2.71396173477854,0.757345442116681,78
"79",3.92366934931395,0.522066358222997,2.71968034692644,0.753182546023278,79
"80",3.92041733485814,0.52163365934022,2.71742622227525,0.752558293490898,80
"81",3.91624291444764,0.521078229137676,2.71453273453724,0.751756977092129,81
"82",3.9088483721532,0.520094343539096,2.70940722839433,0.750337530218255,82
"83",3.90710662733112,0.519862594557399,2.70819994288164,0.750003187111629,83
"84",3.9029338138602,0.519307378167239,2.70530756898927,0.749202179178925,84
"85",3.9043735685742,0.519498945660154,2.70630553090998,0.749478552650949,85
"86",3.90816746790794,0.52000374538518,2.70893526153649,0.750206824710887,86
"87",3.92293739596548,0.518142254930343,2.71917299552665,0.747521261663031,87
"88",3.92542204230624,0.518470427452042,2.72089522113243,0.747994714532643,88
"89",3.92433108136076,0.518326333140236,2.72013902462897,0.74778683038358,89
"90",3.92359855640498,0.518229581116416,2.71963127702118,0.747647246718618,90
"91",3.92065523594327,0.517840826836885,2.71759112274166,0.747086392847414,91
"92",3.91968112944776,0.517712166681195,2.71691592357074,0.746900775478841,92
"93",3.91721997027621,0.517387096348897,2.71520997803006,0.746431798122494,93
"94",3.91404975258344,0.516968373443546,2.71301255057456,0.745827708663437,94
"95",3.91094123388873,0.516557799752611,2.71085788960561,0.745235376035606,95
"96",3.90928961582109,0.5163396537504,2.70971307519866,0.744920657880026,96
"97",3.9083528342279,0.516215923474314,2.70906374767854,0.74474215282431,97
"98",3.90580456613145,0.515879347780035,2.70729742283218,0.744256576739289,98
"99",3.90597664819565,0.515902076409063,2.7074167010298,0.744289367219674,99
"100",3.91086828674203,0.516548164880762,2.71080732649654,0.745221475853769,100
"101",3.91820214028592,0.51384750941202,2.71589076640313,0.741325253601866,101
"102",3.91650950977971,0.513625531591879,2.71471752434002,0.741005007301561,102
"103",3.91024548251245,0.512804043905709,2.71037563150077,0.739819851090572,103
"104",3.90623688727024,0.512278341910839,2.70759708501062,0.739061423429588,104
"105",3.90456838642548,0.512059528543679,2.70644056835432,0.738745742469906,105
"106",3.92355259480956,0.507619789136283,2.7195994188709,0.732340552444017,106
"107",3.91849254997302,0.506965132716909,2.71609206305895,0.731396082874299,107
"108",3.91469362674155,0.506473637174769,2.7134588501319,0.730687004693035,108
"109",3.9141798102214,0.506407160830356,2.71310269965963,0.730591099600615,109
"110",3.91867593431039,0.506988858540997,2.71621917539535,0.731430312003053,110
"111",3.91282837865036,0.506232315867138,2.71216595867644,0.730338851639256,111
"112",3.92291290291253,0.504264828095898,2.71915601823605,0.727500366788678,112
"113",3.92093769011122,0.504010927392938,2.71778690505182,0.727134065503639,113
"114",3.92064491216957,0.503973292701046,2.71758396684703,0.727079770120281,114
"115",3.91759929464841,0.503581798463534,2.71547290564918,0.726514963325286,115
"116",3.9162620681001,0.503409906725889,2.71454601083744,0.726266975967816,116
"117",3.91408726079544,0.503130349453331,2.71303854928596,0.725863660077051,117
"118",3.90953833722707,0.502545615043468,2.70988547573996,0.725020066643705,118
"119",3.9089885188479,0.502474939482395,2.70950437068062,0.724918103362233,119
"120",3.91411715796902,0.503134192539698,2.71305927242753,0.725869204478695,120
"121",3.91794569112493,0.503626325467831,2.71571300939023,0.726579202213571,121
"122",3.91520769044827,0.503274373366239,2.71381517194083,0.726071442661974,122
"123",3.9123025033425,0.502900930541294,2.71180144968947,0.725532678550371,123
"124",3.90879687002157,0.502450304277674,2.70937152983699,0.724882562274551,124
"125",3.90465100205771,0.501917380032899,2.70649783314687,0.724113715109445,125
"126",3.90014268605544,0.501337865460398,2.70337290662082,0.723277652309575,126
"127",3.89670848983873,0.500896421969879,2.70099250319572,0.72264078397497,127
"128",3.89893521061601,0.501182652380229,2.70253594842438,0.723053727168534,128
"129",3.89413543084312,0.500565672043939,2.69920899460749,0.722163612697043,129
"130",3.88981358611729,0.500010127135944,2.69621332012097,0.721362130813286,130
"131",3.88785099257476,0.499757848556265,2.69485295394038,0.720998169757461,131
"132",3.88373572987227,0.499228858417916,2.69200047120088,0.720234998308186,132
"133",3.87907888905975,0.498630251951265,2.68877259512137,0.719371391727304,133
"134",3.9123006035072,0.490951337994913,2.71180013282399,0.708293060643062,134
"135",3.94547944615426,0.492349303807257,2.73479795405904,0.710309898987864,135
"136",3.94239750117145,0.491964713420369,2.73266171258356,0.709755052343926,136
"137",3.93822553729838,0.49144410153113,2.72976992758755,0.709003968153094,137
"138",3.93405052540611,0.490923109285042,2.72687602986562,0.708252335223321,138
"139",3.95214384653268,0.487900076842378,2.73941736439146,0.703891021309842,139
"140",3.95023648386189,0.487664609098849,2.7380952813339,0.703551313163964,140
"141",3.97260640580839,0.487893531846065,2.75360092966046,0.703881578876119,141
"142",4.03734567176482,0.484051314569314,2.79847476932968,0.698338431064933,142
"143",4.07365759705772,0.486218651324778,2.82364427796716,0.701465237053977,143
"144",4.10705548913943,0.490204916163726,2.84679393270025,0.707216201568797,144
"145",4.14150977267767,0.490045260402978,2.87067582219298,0.706985866994516,145
"146",4.16984545104295,0.489312705386814,2.89031661776114,0.70592901350552,146
"147",4.17989457492255,0.490491925108511,2.89728213964538,0.707630267950129,147
"148",4.17792791550674,0.490261146426033,2.89591895521618,0.707297324689375,148
"149",4.18091847241685,0.490612074897959,2.89799185130674,0.70780360745553,149
"150",4.18093683492209,0.490614229655784,2.89800457922547,0.707806716113959,150
"151",4.20258939339648,0.493155060506721,2.9130129890839,0.711472360182343,151
"152",4.2055275359631,0.49349983838997,2.91504955432004,0.711969769524714,152
"153",4.21291466653961,0.494366685108841,2.92016992305157,0.713220364987241,153
"154",4.21397570205871,0.494491192879322,2.92090537683011,0.713399991730266,154
"155",4.22108856128617,0.493334212698695,2.92583563514934,0.711730822161268,155
"156",4.21811467395356,0.492986643500707,2.92377429352945,0.711229385802965,156
"157",4.22683648520706,0.494005993799943,2.92981979240918,0.712699997424602,157
"158",4.22510506449911,0.493803636266003,2.92861966302711,0.7124080572139,158
"159",4.22443859496377,0.493725743509494,2.92815770154775,0.712295681720363,159
"160",4.23542022342581,0.495009206993573,2.93576958635418,0.714147328124006,160
"161",4.23325995729179,0.494756728710548,2.93427220397412,0.713783078957154,161
"162",4.23083150564293,0.494472906595738,2.93258892956059,0.713373610199622,162
"163",4.23661006921834,0.495148268666591,2.93659432461057,0.714347951710046,163
"164",4.23316330508286,0.494745432609861,2.93420520976801,0.713766782128711,164
"165",4.22842387559033,0.494191517977796,2.93092008757779,0.712967652235955,165
"166",4.2311047922104,0.492556544072655,2.93277835737431,0.710608883491025,166
"167",4.22987316256437,0.492413166096496,2.93192465675767,0.710402032795848,167
"168",4.23199050873526,0.492659653187635,2.93339228928629,0.710757638499877,168
"169",4.23427970871144,0.492926146334066,2.93497904179552,0.711142106840665,169
"170",4.2338991154265,0.492881840243263,2.93471523463313,0.711078186663181,170
"171",4.23972640422225,0.491654137173394,2.9387544034322,0.709306985532598,171
"172",4.24174541352724,0.490025645673248,2.94015387403949,0.706957568921207,172
"173",4.24078773459242,0.489915010264322,2.93949006158593,0.706797955765403,173
"174",4.23619094712958,0.489383968552739,2.93630381131643,0.706031824521596,174
"175",4.23452306633473,0.489191287407662,2.93514772444597,0.705753844389121,175
"176",4.22994937440857,0.488662913797101,2.9319774827826,0.704991562401428,176
"177",4.22820046117681,0.488460871417828,2.93076522850697,0.704700076862802,177
"178",4.22752107847286,0.4883823860502,2.9302943163012,0.704586846412143,178
"179",4.22407348927839,0.487984104928554,2.92790462957132,0.704012248213065,179
"180",4.22482157483907,0.488070527161422,2.92842316296853,0.704136929139845,180
