"","ShannonWiener","Pielou","Richness"
"1",0,0,1
"2",0.693147180559945,1,2
"3",1.09861228866811,1,3
"4",1.03972077083992,0.946394630357186,3
"5",0.950270539233235,0.864973520717927,3
"6",1.242453324894,0.896240625180289,4
"7",1.27703425946614,0.921185496588554,4
"8",1.25548232517875,0.905639062229566,4
"9",1.31078367809971,0.945530556036326,4
"10",1.31383403319275,0.947730922119161,4
"11",1.49903067297901,0.931400125098263,5
"12",1.54542290319359,0.960225238422717,5
"13",1.69773359137439,0.947523158399061,6
"14",1.67311836264325,0.933785137669222,6
"15",1.71408754118701,0.956650471575569,6
"16",1.721402322014,0.960732928486008,6
"17",1.84386143796137,0.947557336527851,7
"18",1.87896749318881,0.965598280116377,7
"19",1.98626651786474,0.955192285069083,8
"20",2.01615371726138,0.969564989854281,8
"21",2.00447902323164,0.96395064879408,8
"22",2.01147635293959,0.96731565308379,8
"23",1.99408263649859,0.958951043599769,8
"24",1.97995056182321,0.952154952249218,8
"25",1.96056199695654,0.942831023454853,8
"26",2.04817939579873,0.932166614612429,9
"27",2.07938723419279,0.946369913954683,9
"28",2.05667042849912,0.936031050131662,9
"29",2.06989938888941,0.942051809469031,9
"30",2.07206946931915,0.943039455635074,9
"31",2.06052899082425,0.93778715752502,9
"32",2.05701037963789,0.936185768562485,9
"33",2.04347631997564,0.930026152562442,9
"34",2.03655469454571,0.926875985073269,9
"35",2.04384123860739,0.930192234189016,9
"36",2.03027171370827,0.92401647726408,9
"37",2.0147992922791,0.916974674806215,9
"38",2.00792291810722,0.913845102052108,9
"39",1.99839845455068,0.909510331881237,9
"40",1.98685812075976,0.904258099628807,9
"41",1.97377491870232,0.898303677767523,9
"42",1.99383091416513,0.907431554667173,9
"43",2.00560555403214,0.912790424210351,9
"44",2.01163103689253,0.915532739639799,9
"45",2.01341925594076,0.916346593201551,9
"46",2.03286991763661,0.925198970831253,9
"47",2.04472571648262,0.930594777417572,9
"48",2.05126682917079,0.933571766094854,9
"49",2.06312272052173,0.938967614781978,9
"50",2.05488278471274,0.935217458382862,9
"51",2.0620408650094,0.938475241119544,9
"52",2.11741635024563,0.919582236803401,10
"53",2.17106506160002,0.905404454576685,11
"54",2.22307621038906,0.894631679857562,12
"55",2.2126055447906,0.890417974043157,12
"56",2.23791750170974,0.900604254852257,12
"57",2.25347482765372,0.906864983377132,12
"58",2.3017213365756,0.897374963712171,13
"59",2.29028508988909,0.892916299975499,13
"60",2.29939073779783,0.896466330264498,13
"61",2.34534551228058,0.888705783675607,14
"62",2.3332200089967,0.884111149391685,14
"63",2.35569050931026,0.892625742864665,14
"64",2.37770683277779,0.900968238202098,14
"65",2.36519125443635,0.896225795436268,14
"66",2.37893832521221,0.901434879233574,14
"67",2.38742957329823,0.904652409974847,14
"68",2.40088760821878,0.909751971386239,14
"69",2.40924408182084,0.912918432951237,14
"70",2.4298980772966,0.920744710631523,14
"71",2.41795097655381,0.916217677206096,14
"72",2.40560475132278,0.911539406259691,14
"73",2.40799662296875,0.912445741873977,14
"74",2.40824617489157,0.912540302882567,14
"75",2.40675796360052,0.911976385125137,14
"76",2.4038353125525,0.91086892489105,14
"77",2.40943837996456,0.912992057022054,14
"78",2.40546405797963,0.911486094290463,14
"79",2.40048470018578,0.909599300192443,14
"80",2.39578805841063,0.907819633747747,14
"81",2.40184300382366,0.910113992928611,14
"82",2.40544527809415,0.911478978156503,14
"83",2.40709024996566,0.912102296131848,14
"84",2.40713297753356,0.912118486597823,14
"85",2.40584031704789,0.911628667573746,14
"86",2.40341985920094,0.910711499985234,14
"87",2.39899097631901,0.909033293592282,14
"88",2.39384530046981,0.907083477727558,14
"89",2.38807778321133,0.904898031737521,14
"90",2.38176895252724,0.902507469541965,14
"91",2.37498773573031,0.899937909297541,14
"92",2.37792830129258,0.901052157756366,14
"93",2.37938114197427,0.90160267276996,14
"94",2.3773341042861,0.900827002736118,14
"95",2.38225930229859,0.902693274437465,14
"96",2.38544730384592,0.903901282127011,14
"97",2.38719915889766,0.904565100617075,14
"98",2.38774160760585,0.904770647007487,14
"99",2.38725151580876,0.904584939864414,14
"100",2.3858705642971,0.904061665323857,14
"101",2.38371463599202,0.903244734111001,14
"102",2.38088010921254,0.902170666205133,14
"103",2.37744824276429,0.900870252451429,14
"104",2.40881477622858,0.889501522256922,15
"105",2.40468542458752,0.887976679165248,15
"106",2.40009443633704,0.886281367812224,15
"107",2.39509293710422,0.884434467326118,15
"108",2.42548547696429,0.874808967341145,16
"109",2.44268700719802,0.881013107932122,16
"110",2.45490238503535,0.885418874189248,16
"111",2.46391832327853,0.888670686537347,16
"112",2.49293709931516,0.879897415612942,17
"113",2.50925319196126,0.885656280429926,17
"114",2.51557366821412,0.887887131229114,17
"115",2.51003395676553,0.88593185614889,17
"116",2.50517211328863,0.884215838720447,17
"117",2.49996400471201,0.882377604904575,17
"118",2.52764596497386,0.874505488115369,18
"119",2.5220124781362,0.872556435429578,18
"120",2.51654291158125,0.870664095269525,18
"121",2.54360988655463,0.863869112096429,19
"122",2.53775740038069,0.861881471593316,19
"123",2.53166004372912,0.859810667377399,19
"124",2.53039025811472,0.859379418632431,19
"125",2.52853786547556,0.858750302983483,19
"126",2.52616726452325,0.857945191731703,19
"127",2.5233335797824,0.856982806448496,19
"128",2.52008446792603,0.855879332449081,19
"129",2.54594370756183,0.849856888092823,20
"130",2.57146474363113,0.844620066441017,21
"131",2.56762274930574,0.843358129830605,21
"132",2.59270897425078,0.838781418687369,22
"133",2.58843684270691,0.837399318115046,22
"134",2.58386977804416,0.835921802121115,22
"135",2.59817642809306,0.840550224494725,22
"136",2.59332707571,0.838981384061043,22
"137",2.60746357893278,0.843554761307097,22
"138",2.61765644581266,0.846852311254627,22
"139",2.61413129771583,0.845711871370663,22
"140",2.61028748606758,0.844468338903462,22
"141",2.60615464159893,0.843131299852393,22
"142",2.60849254092574,0.843887646412522,22
"143",2.60997057270388,0.844365812532997,22
"144",2.60502890365793,0.842767106232283,22
"145",2.62825820440538,0.838227731709128,23
"146",2.64172136572667,0.842521524136777,23
"147",2.64608826959152,0.843914256371033,23
"148",2.64091465471676,0.842264240610048,23
"149",2.6355639396301,0.840557742457547,23
"150",2.64531186019044,0.843666636905769,23
"151",2.64132738679645,0.84239587283491,23
"152",2.63710982562324,0.841050770314298,23
"153",2.65926703463491,0.836759594579856,24
"154",2.67217701777063,0.84082182380091,24
"155",2.66766122777916,0.839400894442086,24
"156",2.67708071672648,0.842364811811063,24
"157",2.67184103455244,0.840716104000011,24
"158",2.66645475845858,0.839021269242203,24
"159",2.66093408413618,0.837284145009228,24
"160",2.65529019224537,0.835508249385021,24
"161",2.64953335589841,0.833696814886338,24
"162",2.6436730337317,0.831852817748608,24
"163",2.64015571881766,0.830746066541172,24
"164",2.63702371178066,0.829760555532171,24
"165",2.64439671020594,0.832080528326488,24
"166",2.64104880202685,0.831027082300145,24
"167",2.63749180934838,0.829907846167481,24
"168",2.64333393993832,0.831746119180402,24
"169",2.64795070377924,0.833198820766774,24
"170",2.66845012008963,0.829000640370738,25
"171",2.68874417706811,0.82525000278257,26
"172",2.69773426525419,0.828009309660427,26
"173",2.69417761085683,0.82691767399038,26
"174",2.69429236262512,0.826952894483986,26
"175",2.70618571490821,0.830603293465202,26
"176",2.71307271148047,0.832717103320705,26
"177",2.72183375285046,0.835406109391504,26
"178",2.74125586258963,0.831732872116623,27
"179",2.74651462970261,0.833328450819933,27
"180",2.75062736321284,0.834576307943159,27
"181",2.76966107666955,0.831179799502739,28
"182",2.78089898299413,0.83455231349168,28
"183",2.79961947446412,0.831414765977175,29
"184",2.795810566655,0.83028361861103,29
"185",2.80681350347479,0.833551207018858,29
"186",2.82518038609679,0.830642879278041,30
"187",2.82802763436971,0.831480010427287,30
"188",2.83011055317716,0.832092417933739,30
"189",2.83153646544424,0.832511656251034,30
"190",2.84949884122727,0.829793086446428,31
"191",2.85730308049587,0.832065733024262,31
"192",2.86328351285762,0.833807274854686,31
"193",2.86403989515056,0.834027538428164,31
"194",2.8642988613034,0.834102951100786,31
"195",2.87023112603092,0.835830466194543,31
"196",2.87483988136525,0.837172566516965,31
"197",2.87423256979821,0.836995713334097,31
"198",2.87326814544832,0.836714866524701,31
"199",2.86977109471827,0.835696502005031,31
"200",2.86611668038195,0.834632312152619,31
"201",2.86252350410286,0.833585955231315,31
"202",2.85920584003642,0.832619829305713,31
"203",2.86019452622602,0.83290774132481,31
"204",2.85675602382666,0.831906426469919,31
"205",2.85317166900702,0.830862638416497,31
"206",2.84945156712071,0.829779319910984,31
"207",2.84851870463876,0.829507664128246,31
"208",2.84509566605198,0.828510852438817,31
"209",2.86181740010327,0.825745954211747,32
"210",2.87180126214517,0.828626687863101,32
"211",2.86819495448538,0.82758612742776,32
"212",2.87563121206862,0.829731777815382,32
"213",2.87190456634098,0.828656495153301,32
"214",2.86860142456002,0.82770340989995,32
"215",2.87230533225775,0.828772131753437,32
"216",2.87522126027653,0.829613490731893,32
"217",2.88497275353507,0.832427176924965,32
"218",2.89225570175214,0.83452859158013,32
"219",2.90821245718612,0.831747795782365,33
"220",2.9177435687743,0.834473690527516,33
"221",2.92330380719355,0.836063916866657,33
"222",2.91906703261632,0.834852200746285,33
"223",2.92347890306319,0.836113994227156,33
"224",2.93904109804917,0.833448842661679,34
"225",2.94599794817153,0.835421655728806,34
"226",2.95140936769762,0.836956217917871,34
"227",2.96670159133218,0.834433518188191,35
"228",2.97579875572201,0.836992244994259,35
"229",2.99088930880754,0.834623553042001,36
"230",2.98652003654256,0.833404284401311,36
"231",2.98207211187959,0.83216306739106,36
"232",2.97755055444689,0.830901302765185,36
"233",2.97296005910182,0.829620300648575,36
"234",2.97184704506117,0.829309708166782,36
"235",2.98667941861485,0.827124706478787,37
"236",2.99187302100924,0.828563011785094,37
"237",2.99048427480187,0.828178415335945,37
"238",2.98887762697333,0.82773347367086,37
"239",2.98706943445792,0.827232716644763,37
"240",2.99366085425419,0.829058130557715,37
"241",3.0081382754779,0.826960006826112,38
"242",3.0061069763716,0.826401587309128,38
"243",3.00284692958932,0.825505375744884,38
"244",3.00480638868828,0.826044045899465,38
"245",3.00885698503742,0.827157585530218,38
"246",3.01029987287595,0.827554246330862,38
"247",3.00818139398429,0.826971860430259,38
"248",3.00842815491633,0.827039696880369,38
"249",3.01694510132099,0.829381069986236,38
"250",3.01685330650093,0.829355834894604,38
"251",3.01647141001648,0.829250848657114,38
"252",3.01710622688133,0.82942536462374,38
"253",3.01491785370588,0.828823764254881,38
"254",3.0125832565738,0.828181965812297,38
"255",3.01011185255081,0.827502558118713,38
"256",3.00751226749403,0.826787912487618,38
"257",3.00479242857168,0.826040208157624,38
"258",3.00195964279484,0.82526145388145,38
"259",2.99902066412619,0.824453506374615,38
"260",2.99598175118399,0.823618086178705,38
"261",3.00964696381235,0.821508481232158,39
"262",3.01367282103632,0.822607372860807,39
"263",3.01691696705576,0.823492889833849,39
"264",3.01647448750613,0.823372111314921,39
"265",3.01579788233222,0.823187426235408,39
"266",3.01979714642831,0.824279059045876,39
"267",3.01890714349717,0.824036125251634,39
"268",3.01781813994259,0.823738872561554,39
"269",3.02400955143388,0.825428870462322,39
"270",3.02891035768113,0.826766586794304,39
"271",3.03285629514779,0.827843663652238,39
"272",3.03158223748946,0.827495898886309,39
"273",3.03013810176996,0.827101709881457,39
"274",3.02853531798147,0.826664216550294,39
"275",3.02678423655712,0.826186244130695,39
"276",3.02324185688603,0.825219321771184,39
"277",3.01963784040825,0.824235575126281,39
"278",3.01597550677491,0.823235910322711,39
"279",3.01225798665281,0.822221181902344,39
"280",3.00848823596379,0.821192196708932,39
"281",3.00466904873643,0.820149717396102,39
"282",3.00226242451742,0.819492809050763,39
"283",2.9984311396091,0.81844702757405,39
"284",2.99679503916069,0.818000440180019,39
"285",2.99503017157347,0.817518704711179,39
"286",2.99314418434614,0.817003908616696,39
"287",2.99114411283859,0.81645797225729,39
"288",2.98903644912242,0.815882667698571,39
"289",2.98658425450637,0.815213320529637,39
"290",2.98404593952767,0.81452046608255,39
"291",2.98142604809288,0.813805344654863,39
"292",2.97872883175225,0.813069116743025,39
"293",2.97595827557258,0.812312870104565,39
"294",2.97750619783817,0.812735388521098,39
"295",2.97871560547883,0.813065506520323,39
"296",2.97962074384884,0.813312571660052,39
"297",2.98245445352093,0.814086056576046,39
"298",2.98069051034588,0.813604573433292,39
"299",2.98133471471148,0.813780414439348,39
"300",2.98172910894721,0.813888067666952,39
"301",2.98408644081948,0.814531521251187,39
"302",2.98225729420829,0.8140322402815,39
"303",2.98032888703051,0.813505865304345,39
"304",2.97830651692005,0.812953842353511,39
"305",2.97619511279084,0.812377516817557,39
"306",2.97359651770652,0.811668208408056,39
"307",2.9709324172565,0.810941019757407,39
"308",2.96820599273026,0.81019681922536,39
"309",2.96542024551682,0.809436426066318,39
"310",2.96366349231953,0.808956905488537,39
"311",2.96084641787393,0.808187961297691,39
"312",2.96290110899046,0.808748806539287,39
"313",2.96004305457518,0.807968676520648,39
"314",2.962963250924,0.808765768703307,39
"315",2.96640659425975,0.809705658261161,39
"316",2.96885466507962,0.810373879805202,39
"317",2.97055068535293,0.810836822819988,39
"318",2.9719309672674,0.811213582391083,39
"319",2.97302707792674,0.811512775025249,39
"320",2.9701909942311,0.810738642099539,39
"321",2.96847709420554,0.810270818655822,39
"322",2.96561638244571,0.809489963292612,39
"323",2.96270927825453,0.808696444724624,39
"324",2.963865011714,0.809011911904135,39
"325",2.97134847561436,0.811054586389567,39
"326",2.97223360366106,0.811296189543054,39
"327",2.97288722747323,0.811474601666366,39
"328",2.97332823368422,0.811594978025109,39
"329",2.97357304121863,0.811661800303005,39
"330",2.97197955680725,0.811226845315129,39
"331",2.97406154429499,0.811795141331093,39
"332",2.97580472547648,0.812270957312882,39
"333",2.97724567949118,0.812664277844617,39
"334",2.97841443701982,0.812983300053475,39
"335",2.97850701844382,0.81300857093273,39
"336",2.9757916421369,0.812267386105175,39
"337",2.97303219768999,0.81151417250774,39
"338",2.97029786049841,0.810767812147058,39
"339",2.96752133460151,0.810009936024016,39
"340",2.96476981725926,0.809258886196547,39
"341",2.96817825624974,0.810189248319448,39
"342",2.96539310088906,0.809429016711603,39
"343",2.96263271022662,0.80867554483667,39
"344",2.95983364338485,0.80791151597292,39
"345",2.95699755310305,0.807137381249462,39
"346",2.95412601743024,0.806353571408063,39
"347",2.95122054420307,0.805560498025432,39
"348",2.95186880102443,0.805737445183411,39
"349",2.95233041290639,0.805863446033551,39
"350",2.95576128591913,0.806799931711734,39
"351",2.95604730240993,0.806878002321273,39
