"","empEntropy","evenness_log2","entropy","evenness"
"1",0,1,0,1
"2",0,1,0,1
"3",1,0.693147180559945,0.693147180559945,1
"4",0.918295834054489,0.636514168294813,0.636514168294813,0.918295834054489
"5",1.5,0.655990769729155,1.03972077083992,0.946394630357186
"6",1.52192809488736,0.665580521625058,1.05492016798614,0.960229717860761
"7",1.45914791702725,0.638125043492931,1.01140426470735,0.920619835714305
"8",1.84237099317711,0.63851712973307,1.27703425946614,0.921185496588554
"9",1.90563906222957,0.660444171574661,1.32088834314932,0.952819531114783
"10",1.89106111207265,0.655391839049857,1.31078367809971,0.945530556036326
"11",2.17095059445467,0.648077038644984,1.50478828368119,0.934977529767123
"12",2.23127025460758,0.666083798828206,1.54659868604851,0.960955793385934
"13",2.45914791702724,0.659410511677349,1.7045514452673,0.951328275106965
"14",2.66122625626979,0.657067427375203,1.8446214763655,0.947947919003874
"15",2.84237099317711,0.656727146675361,1.97018144002608,0.947456997725703
"16",3.00623892865339,0.657354996265696,2.08376603748565,0.948362793216102
"17",3.15563906222957,0.65844962815892,2.18732231884925,0.949942013220056
"18",3.13071798792737,0.653249644325533,2.17004834646016,0.942440022330925
"19",3.08604861231304,0.643929017605134,2.13908589469571,0.928993200383429
"20",3.11583409216322,0.650143999022569,2.15973161607549,0.937959523253579
"21",3.14643934467102,0.656530032639236,2.1809455605616,0.947172622283295
"22",3.14161920818398,0.655524272153016,2.17760449654569,0.945721616617503
"23",3.26558332288773,0.654306869645493,2.26352987314321,0.943965276057134
"24",3.38162010794873,0.653831230613422,2.34396044354948,0.943279073984312
"25",3.40726822961739,0.658790256884327,2.36173836677077,0.950433436592985
"26",3.40307418942857,0.657979345436453,2.35883127963873,0.949263538668536
"27",3.43045702550056,0.663273776163473,2.37781161525777,0.956901787622739
"28",3.45786713147258,0.668573479485206,2.39681085293113,0.964547643323185
"29",3.45826786809984,0.668650961317519,2.39708862239446,0.964659425978423
"30",3.44351375344985,0.6657982751404,2.38686184942316,0.96054386977748
"31",3.47290559532006,0.671481144157774,2.40723472174696,0.968742516726867
"32",3.45002887544847,0.667057964312444,2.3913777878675,0.96236121709905
"33",3.42095859334435,0.66143726839875,2.37122780378895,0.954252266978019
"34",3.41486570993975,0.660259218432388,2.36700453883557,0.95255270013363
"35",3.50586173799101,0.656699842239884,2.43007817912146,0.947417605752045
"36",3.50015301669771,0.655630514167966,2.42612119505241,0.945874891445606
"37",3.48578082135646,0.652938389059048,2.41615914837316,0.941990975901517
"38",3.45888850257038,0.647901059345526,2.39751881342787,0.934723645304496
"39",3.49079856783393,0.653878287311293,2.41963718519678,0.943346962448972
"40",3.57332786160156,0.650541434457826,2.47684213248542,0.938532901385098
"41",3.60265559655819,0.655880688930695,2.49717056928282,0.946235817335151
"42",3.61302060375637,0.657767688084433,2.50435504479872,0.94895818165641
"43",3.6120579005605,0.657592423361392,2.50368774979278,0.948705328109637
"44",3.60346148940899,0.656027405580128,2.49772917164018,0.946447484717703
"45",3.5894162791488,0.653470407850334,2.48799377374796,0.942758516773366
"46",3.57135566549478,0.650182386720247,2.47547511031449,0.938014904994651
"47",3.5502815227273,0.646345738196262,2.46086762767249,0.932479791195464
"48",3.5269244911213,0.642093478836319,2.44467776706855,0.9263450777043
"49",3.50183373234531,0.637525586149737,2.42728617836486,0.919755001578056
"50",3.47543131884628,0.632718900444971,2.40898541988803,0.912820419948677
"51",3.44804719093831,0.627733488934859,2.39000418883653,0.905627991486248
"52",3.4199426700303,0.622616926432236,2.37052361940815,0.898246352137316
"53",3.42185785769036,0.622965595509323,2.37185112633497,0.898749375285741
"54",3.41874326072682,0.622398568229741,2.36969225223111,0.897931327841438
"55",3.41177452580413,0.621129876693853,2.36486189326738,0.896100992854196
"56",3.40178487227009,0.619311212470623,2.35793759308549,0.893477214998299
"57",3.40062722922026,0.619100458014442,2.3571351760694,0.893173160589521
"58",3.39209586777021,0.617547282842572,2.35122168693397,0.890932402471432
"59",3.38117769586087,0.615559577406446,2.34365378685813,0.888064749695986
"60",3.37105124647286,0.613716008843476,2.33663466701575,0.88540504247265
"61",3.35899272383614,0.611520697101211,2.32827633604839,0.882237877108879
"62",3.42460828336055,0.607582300564491,2.3737575761336,0.876555971956299
"63",3.42168692721883,0.607064003539404,2.37173264636056,0.875808227408499
"64",3.44124072891925,0.610533172226417,2.38528630887843,0.88081317986926
"65",3.50358641783465,0.607125261842552,2.42850104737021,0.875896604458663
"66",3.56436059366565,0.604440111617642,2.47062649599832,0.872022751545143
"67",3.62362943362236,0.602339016754644,2.51170852530937,0.868991512405859
"68",3.65160457465804,0.606989193946785,2.53109941544402,0.875700299980216
"69",3.67907358744766,0.61155523980164,2.55013948421191,0.882287711691487
"70",3.68800877914891,0.613040495036049,2.55633288714739,0.884430482052624
"71",3.70399059896522,0.615697078389961,2.56741064049329,0.88826312168302
"72",3.71290793983681,0.617179366364229,2.57359167017652,0.890401611192665
"73",3.71679691490265,0.617825812547606,2.57628730227868,0.891334235895626
"74",3.72085383688971,0.618500175764237,2.57909934631576,0.892307136364017
"75",3.72114259218054,0.618548174209207,2.57929949623147,0.892376383482545
"76",3.71570518675216,0.617644339669991,2.57553057398922,0.891072425875034
"77",3.76788129264386,0.614816586774448,2.61169629468065,0.886992840795775
"78",3.79297468639907,0.618911151730431,2.62908970981276,0.89290004935237
"79",3.80798683061939,0.621360728708274,2.63949533525323,0.89643404191058
"80",3.81664767500268,0.622773944881702,2.64549857511878,0.898472881875687
"81",3.81713250350399,0.622853055814663,2.64583463262752,0.898587014826351
"82",3.81484559843097,0.622479894596974,2.64424947082395,0.898048656988138
"83",3.79995920786543,0.620050837223332,2.63393101117472,0.894544267961151
"84",3.78440088485248,0.617512138599936,2.62314680344406,0.890881700046866
"85",3.76827408438696,0.614880679791199,2.61196855716993,0.887085307473197
"86",3.75166730406515,0.612170901217574,2.60045761421169,0.883175923363121
"87",3.73465672620357,0.609395233778068,2.58866678012724,0.87917148171299
"88",3.71730828687931,0.606564436461807,2.57664175832251,0.875087504463057
"89",3.69967931951618,0.603687864536964,2.56442228929857,0.870937488412326
"90",3.68181987699712,0.60077368528384,2.55204306707012,0.866733216455582
"91",3.66377380705265,0.59782905346924,2.53953448456792,0.862485010739416
"92",3.6455796356468,0.594860255491243,2.52692324595533,0.858201940619157
"93",3.62727129907637,0.59187282883804,2.5142328740808,0.853891995001562
"94",3.60887875552438,0.588871661876965,2.50148413437441,0.84956222630994
"95",3.59042849958636,0.585861077811306,2.48869539149036,0.845218871608235
"96",3.63689694415642,0.583282462707146,2.5209048628291,0.841498716385101
"97",3.61827913631152,0.580296554396647,2.5079999818132,0.837190961272996
"98",3.59964914896523,0.577308692747994,2.49508665861025,0.832880388089622
"99",3.58102525958856,0.574321809086565,2.48217756219776,0.828571225843565
"100",3.56242370802742,0.571338507945136,2.46928394917911,0.824267232081347
"101",3.55924793828169,0.570829180673365,2.46708267333375,0.823532428152174
"102",3.54104125598901,0.567909208331981,2.45446276283523,0.819319798535726
"103",3.52287527058867,0.564995762923846,2.44187106127289,0.81511658529351
"104",3.50476156388344,0.562090701928715,2.42931559654067,0.810925468202353
"105",3.48671045002994,0.559195679522322,2.41680351786715,0.806748833733388
"106",3.46873110934115,0.556312168035515,2.40434118856039,0.802588806011025
"107",3.45083170613894,0.553441476855346,2.39193426769707,0.798447274081471
"108",3.43301949285611,0.550584769120866,2.37958778228054,0.794325915999669
"109",3.47707378170681,0.548713505059987,2.41012388838898,0.791626252618844
"110",3.45923613402551,0.545898563877914,2.39775977319087,0.787565150935074
"111",3.4613171880257,0.546226972909863,2.39920224990369,0.78803894501685
"112",3.46203177859535,0.546339741726624,2.3996975663423,0.788201636029558
"113",3.5047242636578,0.544753221877359,2.42928974199443,0.785912771710751
"114",3.52907600895698,0.548538310435572,2.44616908559027,0.791373500203011
"115",3.54649070501613,0.551245145859007,2.45824003306398,0.795278638244903
"116",3.52932516165991,0.548577037230451,2.44634178508384,0.791429371157932
"117",3.54242862645904,0.550613760844089,2.45542441476492,0.794367742214989
"118",3.5522987773613,0.552147917627884,2.46226588203453,0.796581062598915
"119",3.55964432249848,0.553289664903531,2.46735742593604,0.79822825573144
"120",3.59974339549386,0.551590098591412,2.49515198532585,0.795776299841285
"121",3.63927518085955,0.550179708230507,2.52255333089458,0.793741536661889
"122",3.66172398297809,0.553573481656783,2.53811365479,0.798637716753878
"123",3.70029594600652,0.552310320862076,2.56484970221182,0.796815360939509
"124",3.71593940556656,0.554645281172027,2.57569292210006,0.800183996599348
"125",3.72747171546852,0.556366606675492,2.58368651019395,0.802667344366953
"126",3.73599636270758,0.557639005078362,2.58959534539297,0.804503027232808
"127",3.75725222314822,0.560811678635146,2.60432878512778,0.809080227639541
"128",3.76330181453434,0.561714647426915,2.60852204234061,0.810382936237503
"129",3.76584265375156,0.562093895936709,2.61028321788028,0.810930076181848
"130",3.76702984974278,0.562271098141183,2.61110611943436,0.811185724923476
"131",3.76704918788481,0.56227398457394,2.61111952361299,0.8111898891657
"132",3.766049809745,0.562124816272509,2.61042680747307,0.810974684796968
"133",3.76415404111259,0.561841851721314,2.60911276079052,0.810566453242212
"134",3.76335644163209,0.56172280112876,2.60855990695939,0.81039469954272
"135",3.74838326176779,0.559487887517567,2.59818128955244,0.807170400759035
"136",3.73344446491524,0.557258105953249,2.58782650463313,0.803953505953929
"137",3.71854517650276,0.555034221462984,2.57749910487767,0.800745118828313
"138",3.70369007492291,0.55281693234889,2.56720233310067,0.797546246819194
"139",3.71526382200288,0.554544442811996,2.57522464325766,0.8000385175974
"140",3.70055564562393,0.552349083918089,2.56502971226942,0.79687128420819
"141",3.685897499219,0.550161192554187,2.55486945941661,0.793714824187484
"142",3.67129296143835,0.547981302873639,2.54474636523057,0.790569908155672
"143",3.69182857636791,0.551046471778057,2.55898056882005,0.794992012133563
"144",3.70686909462744,0.553291436393609,2.56940586164581,0.798230811451391
"145",3.74090194152852,0.551649587912849,2.59299563352172,0.795862124790307
"146",3.7745344649971,0.55023550423615,2.61630792233908,0.793822033282532
"147",3.7940757874582,0.553084154716768,2.6298529349074,0.797931767204145
"148",3.80494830996955,0.554669104585905,2.63738919323172,0.800218366520407
"149",3.8190525505777,0.55672516050879,2.6471655078432,0.803184628204144
"150",3.82729629830094,0.557926898823106,2.65287963833481,0.804918370110654
"151",3.81301344281422,0.555844805186515,2.64297951732385,0.801914543946477
"152",3.79878016211968,0.553769938351274,2.63311375894031,0.79892114385277
"153",3.81777415056191,0.556538800817595,2.64627938847663,0.802915768001835
"154",3.84965378283634,0.555061298565999,2.66837666570494,0.800784182830555
"155",3.85428640687612,0.555729252221144,2.67158775599671,0.801747836256376
"156",3.84020438633797,0.553698839865314,2.6618268431641,0.79881857041966
"157",3.84495790870073,0.554384225212743,2.66512173378757,0.799807372461495
"158",3.86335124325343,0.557036263223875,2.67787102177387,0.803633454548404
"159",3.86203721202281,0.556846799983188,2.6769602047312,0.803360116870634
"160",3.86009848179159,0.556567264684582,2.67561637933756,0.802956832681582
"161",3.85968726058115,0.556507972864606,2.67533134251496,0.802871292666937
"162",3.89018064526372,0.555059344373291,2.69646774613342,0.800781363526427
"163",3.89351019402913,0.55553441155482,2.6987756134727,0.801466740593307
"164",3.88014486489561,0.553627417637914,2.68951147326654,0.798715529926381
"165",3.89332051886293,0.555507348294012,2.69864414066602,0.801427696561149
"166",3.88005041657518,0.553613941548345,2.68944600667953,0.79869608803879
"167",3.86682244629605,0.551726546288317,2.68027707637602,0.79597315225695
"168",3.85363879386951,0.549845474394849,2.67113886486708,0.793259339164688
"169",3.84050147461247,0.547971013417693,2.66203276906395,0.790555063608605
"170",3.8274123450457,0.546103428249227,2.65296007580876,0.787860707747622
"171",3.83785534250946,0.547593457595957,2.66019861005735,0.790010365696928
"172",3.84439529005144,0.548526591382253,2.66473175625709,0.791356593182903
"173",3.87358344396552,0.547182251271574,2.68496344284838,0.789417120371958
"174",3.90248264702001,0.546000738463833,2.70499484396603,0.787712557703484
"175",3.91960334960337,0.548396115227565,2.7168620106909,0.79116835588158
"176",3.93226212355316,0.550167218535328,2.72563640416353,0.793723517840593
"177",3.93382918179214,0.550386467416897,2.72672260616366,0.794039827114752
"178",3.93460839900455,0.55049548857391,2.72726271837749,0.794197111397327
"179",3.92192676168407,0.548721186426224,2.71847247722391,0.791637334487822
"180",3.92212086477321,0.548748343607843,2.71860701923288,0.791676514019067
"181",3.909596182396,0.546996001202885,2.70992557095571,0.789148418321496
"182",3.89711433228723,0.545249651508805,2.70127381174465,0.786628968278188
"183",3.88467676320408,0.543509497222844,2.69265274580164,0.784118456319451
"184",3.91238041963366,0.542371091429401,2.711855457147,0.782476083926731
"185",3.92895622989929,0.544668986659625,2.72334493329813,0.785791245979858
"186",3.94131475178559,0.5463822415799,2.7319112078995,0.788262950357117
"187",3.950946694909,0.547717512423761,2.7385875621188,0.790189338981799
"188",3.97787064377523,0.546596827314445,2.75724982136497,0.788572532132191
"189",4.00454920479987,0.545604376353225,2.7757419907206,0.787140728052114
"190",4.0204040453162,0.547764537192734,2.78673172872272,0.790257181382795
"191",4.03613216826242,0.549907433252293,2.79763363279839,0.793348726901062
"192",4.04330791658309,0.550885101271125,2.80260748251528,0.794759203703466
"193",4.04893526833914,0.551651806232996,2.806508065519,0.795865325149782
"194",4.05329155505345,0.552245333487731,2.80952761337273,0.796721603976822
"195",4.05657545242929,0.552692751833248,2.81180383758005,0.797367092205102
"196",4.05893657720601,0.553014445972941,2.81344044456198,0.79783119874512
"197",4.04698395406335,0.551385947192674,2.80515551753035,0.795481771630735
"198",4.03506798034476,0.549762441755013,2.79689599394368,0.793139548386965
"199",4.02318990312184,0.548144099568652,2.78866273820614,0.79080477414024
"200",4.04857934437461,0.547105969500182,2.80626135782649,0.78930706903866
"201",4.04832030835063,0.547070964590315,2.80608180773681,0.78925656762879
"202",4.036546018436,0.545479842433387,2.79792049187939,0.786961063583541
"203",4.03587042931467,0.545388546497264,2.79745220918472,0.786829351389243
"204",4.05098669159749,0.547431287080564,2.80793000376666,0.789776403098592
"205",4.06228916404765,0.548958650044609,2.81576428067885,0.791979922072458
"206",4.06214377451206,0.548939002786631,2.81566350433217,0.791951577070805
"207",4.06149470584042,0.548851290699337,2.81521360421243,0.79182503527744
"208",4.06038749265905,0.548701667117949,2.81444614251748,0.791609174078571
"209",4.06920557525756,0.549893301323141,2.82055837160859,0.793328338836957
"210",4.07622830818514,0.550842320418499,2.82542615913716,0.794697483979538
"211",4.08183372374183,0.55159980991092,2.82931153712615,0.795790310313779
"212",4.08367533723802,0.55184867689649,2.83058804632872,0.796149349479703
"213",4.08485017382673,0.552007438787069,2.8314023809978,0.796378394471923
"214",4.08542933046164,0.552085703290561,2.83180382178639,0.796491306282988
"215",4.08988562579437,0.552687906080974,2.83489269033201,0.797360101262326
"216",4.09336993463389,0.553158759188579,2.83730782918033,0.798039398705656
"217",4.08258059690906,0.551700738837709,2.82982923015625,0.79593591997594
"218",4.07181759474032,0.550246277350017,2.82236888554863,0.793837575600483
"219",4.06108201554477,0.548795521673933,2.81492754909756,0.791744577581055
"220",4.0503748801691,0.547348609761878,2.80750592840004,0.78965712494093
"221",4.03969714652477,0.545905671061501,2.8001046874297,0.787575404433589
"222",4.04442982549979,0.546545223037322,2.80338513051773,0.788498082897497
"223",4.04349642826036,0.546419088124758,2.80273814885288,0.788316108684658
"224",4.04219593778049,0.54624334595836,2.80183671754341,0.78806256633272
"225",4.04055686276347,0.546021849070195,2.80070059731664,0.787743013870592
"226",4.03860457783325,0.545758026467589,2.79934737652161,0.787362398310138
"227",4.04246545110125,0.546279766720832,2.80202352994182,0.788115110386124
"228",4.04552391209299,0.546693072753326,2.80414349355509,0.788711384949573
"229",4.04614113303707,0.546776481088518,2.80457131851227,0.788831717741123
"230",4.04629550220139,0.546797341811286,2.80467831906328,0.78886181340241
"231",4.03628695623675,0.545444833986318,2.79774092364639,0.786910557070566
"232",4.03609059203046,0.545418298251108,2.79760481435043,0.78687227409697
"233",4.03924639676096,0.545844758858588,2.79979225150177,0.787487526700517
"234",4.04171239891631,0.546178002790652,2.80150155394301,0.787968296068712
"235",4.04880051773988,0.547135857828442,2.80641466352105,0.789350188781623
"236",4.05740573069597,0.548298725831422,2.81237934261968,0.79102785268273
"237",4.06441942138024,0.549246523000551,2.8172408625428,0.7923952349584
"238",4.07017400529679,0.550024170403487,2.82122963615985,0.793517143010177
"239",4.0725872310834,0.550350282385321,2.82290235680989,0.793987623149144
"240",4.0744009773298,0.550595383521832,2.82415954990683,0.794341229343304
"241",4.0756775300701,0.5507678908547,2.82504438883961,0.794590104816949
"242",4.07646899574697,0.550874845803495,2.82559299104204,0.794744408191174
"243",4.07681962310363,0.550922227935246,2.82583602740574,0.794812766157678
"244",4.07676746387453,0.550915179382363,2.82579987338315,0.794802597245389
"245",4.07674006428413,0.550911476730595,2.82578088143432,0.794797255448046
"246",4.07634416044792,0.550857976148363,2.82550646180648,0.794720070423375
"247",4.0756086352289,0.550758580729917,2.82499663457468,0.794576673146095
"248",4.07455903007921,0.550616742026963,2.82426910372447,0.794372043152738
"249",4.0732180906235,0.550435533776228,2.82333963532144,0.794110614908034
"250",4.07293671292274,0.55039750971725,2.82314459916149,0.794055757786711
"251",4.09426732639333,0.54893056532861,2.83792985374824,0.791939404391961
"252",4.09619014190565,0.54918836290802,2.83926264789934,0.792311327681328
"253",4.11730489801053,0.547830661157496,2.85389828156165,0.790352578098842
"254",4.13037022914757,0.549569077226344,2.86295447900237,0.79286058234037
"255",4.14038313588441,0.550901350996111,2.86989489707623,0.79478264710112
"256",4.14841733323797,0.551970346311517,2.87546377831991,0.796324881341389
"257",4.15498692618062,0.552844467741543,2.88001747314553,0.797585971993623
"258",4.16039699500068,0.553564307940901,2.88376744709479,0.798624481879469
"259",4.15870236949313,0.553338828450018,2.88259282220213,0.79829918373615
"260",4.16236837990444,0.553826611831911,2.88513390698263,0.799002906402235
"261",4.16533219330327,0.554220963937001,2.88718826588373,0.799571836228613
"262",4.16767911126551,0.554533234621535,2.88881502545227,0.800022347596605
"263",4.16947764306196,0.554772539430766,2.89006167269612,0.800367591458143
"264",4.1676118109608,0.554524279936046,2.88876837643581,0.800009428716257
"265",4.16552056771886,0.554246028216475,2.88731883707879,0.799607996340313
"266",4.1856122564964,0.552836396287016,2.90124533450763,0.797574327346204
"267",4.1980545496634,0.554479776536898,2.90986967493604,0.799945223883003
"268",4.19568826497541,0.554167237242923,2.90822949137615,0.799494324993502
"269",4.20522376316559,0.555426687505683,2.91483899506191,0.801311327641833
"270",4.19683946968391,0.554319288561448,2.9090274456741,0.7997136886767
"271",4.2165431593369,0.552973053247184,2.9226850026037,0.797771481664941
"272",4.21587440488149,0.552885350316345,2.92222145733844,0.797644953081548
"273",4.22804950858852,0.554482038412746,2.93066059614599,0.799948487080073
"274",4.24015484610661,0.556069577113292,2.93905137671638,0.802238821290569
"275",4.25949038046412,0.554771446588551,2.95245374784091,0.800366014820099
"276",4.2636436777426,0.555312387061116,2.95533259413952,0.801146426957284
"277",4.26703658909814,0.555754292118465,2.9576843810795,0.801783961192066
"278",4.26977113177962,0.556110448856399,2.95957982162929,0.802297786751663
"279",4.26722470034701,0.555778792408485,2.95781476986129,0.801819307638978
"280",4.28621037447913,0.554539579605776,2.970974636357,0.800031501473904
"281",4.28832906174297,0.554813690263434,2.97244319846042,0.800426959560361
"282",4.28993673191952,0.555021686760562,2.97355755051056,0.800727035075291
"283",4.29892560128227,0.556184645038866,2.97978815996577,0.802404829216161
"284",4.30613677882942,0.557117609829692,2.9847865673511,0.803750812893209
"285",4.30607823099054,0.557110035051245,2.98474598508165,0.803739884797908
"286",4.30721191066031,0.557256707797694,2.98553179194841,0.803951488841844
"287",4.31872529991944,0.558746282382649,2.99351226525206,0.806100490708592
"288",4.31942284002467,0.558836528442203,2.99399576320933,0.80623068825117
"289",4.31974727421379,0.558878502956547,2.9942206438528,0.806291244674858
"290",4.31972991963862,0.55887625766339,2.99420861457795,0.806288005401556
"291",4.31939799852181,0.558833314508365,2.99397854439166,0.806226051524761
"292",4.31877539502422,0.558752763566706,2.9935469885327,0.806109841080691
"293",4.31788323504793,0.558637338056765,2.99292859036053,0.805943317269906
"294",4.31674033807947,0.558489472798401,2.99213639454917,0.805729992794944
"295",4.31536357466373,0.5583113504621,2.99118209486925,0.805473016583692
"296",4.31376815302425,0.55810493865121,2.99007623285804,0.80517522728774
"297",4.31196785163224,0.557872019991166,2.98882835902401,0.804839196691963
"298",4.30956148824155,0.55756069048877,2.98716039502435,0.804390043162774
"299",4.30207036217769,0.556591506632802,2.98196794211397,0.80299180642006
"300",4.30915095959406,0.557507577280667,2.98687583824981,0.804313417000838
"301",4.31498534335906,0.558262415806458,2.99091992490682,0.805402418798669
"302",4.31247339081835,0.557937425434028,2.98917877208553,0.804933556800028
"303",4.31179277312292,0.557849368755115,2.9887070038489,0.804806517866043
"304",4.30993555716159,0.557609086625109,2.98741967984161,0.804459864028669
"305",4.3078998219951,0.557345708110108,2.98600861575059,0.804079889151201
"306",4.30927454587981,0.557523566576795,2.98696150173533,0.80433648467907
"307",4.31627891164096,0.558429774556626,2.99181655811428,0.805643866437586
"308",4.31409276840315,0.558146936607451,2.99030123909269,0.805235817530935
"309",4.33160265228945,0.556799225701591,3.00243816574041,0.8032914816905
"310",4.3329438051454,0.556971622140435,3.00336778206121,0.803540197177887
"311",4.33058418669416,0.556668308602221,3.00173221918454,0.803102608240472
"312",4.32807624393585,0.55634592894323,2.99999384573261,0.802637512705161
"313",4.33287615419411,0.556962926052562,3.00332088999507,0.803527651375037
"314",4.3258313491835,0.556057362387101,2.99843780326437,0.802221199165668
"315",4.32505813893959,0.555957971261074,2.99790185476382,0.80207780808104
"316",4.31804848753225,0.55505692636168,2.99304313465412,0.800777875073066
"317",4.31569283011989,0.55475412198914,2.99141031736037,0.800341020706443
"318",4.31319783971266,0.554433407270271,2.98968092179408,0.799878327171992
"319",4.31073285269166,0.554116549290712,2.98797232299035,0.799421197736215
"320",4.30813598785401,0.553782739279286,2.98617231344984,0.798939611688131
"321",4.30541399277761,0.553432844593054,2.98428557023714,0.798434820359472
"322",4.30257316179876,0.553067674327832,2.9823164562537,0.797907991028756
"323",4.30744478196944,0.553693889277976,2.98569320603976,0.798811428231858
"324",4.31584576503166,0.554773780773034,2.99151632376327,0.800369382336477
"325",4.31701337082261,0.55492386887033,2.99232564642528,0.800585913690143
"326",4.31452796997988,0.554604386827337,2.99060289783858,0.800124998531063
"327",4.3313214676385,0.553279907839148,3.00224326339239,0.798214179263042
"328",4.34190957831405,0.554632425527462,3.0095823824546,0.800165449824687
"329",4.33524427264406,0.553781004146167,3.00496234462188,0.798937108420185
"330",4.33927311860589,0.554295646049132,3.00775492784123,0.799679579741427
"331",4.33667398834548,0.55396363500777,3.00595334802932,0.799200589058534
"332",4.33395845725782,0.553616755007951,3.00407108531219,0.798700147003011
"333",4.3332164751928,0.553521974749404,3.00355678253579,0.798563407994031
"334",4.3304139952359,0.553163987963186,3.00161425145509,0.798046942232851
"335",4.3294969876783,0.553046850073341,3.00097863025199,0.797877947980072
"336",4.32674816839054,0.552695717862638,2.99907329391281,0.797371371280994
"337",4.32389432718763,0.552331170227574,2.99709516192925,0.796845440215719
"338",4.32094041684269,0.551953839831844,2.99504766730202,0.796301067525023
"339",4.31789109375892,0.551564321481068,2.99293403760389,0.795739111332022
"340",4.31159599852421,0.550760190516114,2.9885706100906,0.794578995576658
"341",4.31509555952268,0.551207221936241,2.99099632092988,0.795223925589597
"342",4.32182282478093,0.552066557991047,2.99565930587652,0.796463685454323
"343",4.31873574586311,0.551672216737019,2.99351950582846,0.795894771282719
"344",4.31819924387511,0.551603684356614,2.99314763098812,0.795795899957368
"345",4.31553545212378,0.551263413502629,2.99130123124608,0.795304992883765
