"empEntropy";"evenness_log2";"entropy";"evenness"
2.8073549220576;0.693147180559945;1.94591014905531;1
2.95021206491475;0.681643724949864;2.04493117484959;0.983404021638249
3.11583409216322;0.681319468155498;2.15973161607549;0.982936217969043
3.24052826021671;0.676162446306713;2.24616302709404;0.975496208122045
3.24052826021671;0.676162446306713;2.24616302709404;0.975496208122045
3.45949116019915;0.668887483029941;2.3979365438641;0.965000654679997
3.42807299638851;0.662812827671806;2.37615913220038;0.956236779519706
3.94598363922962;0.643878085351421;2.73514743406768;0.928919720673576
3.94461636509767;0.643654983095883;2.73419971185807;0.9285978521559
3.98865989857482;0.650841699666487;2.76472836290965;0.938966092512584
3.98865989857482;0.650841699666487;2.76472836290965;0.938966092512584
3.98865989857482;0.650841699666487;2.76472836290965;0.938966092512584
4.08823611729836;0.645160416565693;2.8337493381687;0.930769733557184
4.10264320579967;0.647433984665068;2.84373557094346;0.934049798979275
4.07564819537388;0.643173929308235;2.82502405557764;0.92790383824206
4.14324733915429;0.634871421989007;2.87188021149729;0.915925852105665
4.11116626632089;0.629955626560577;2.84964330631348;0.908833858419044
4.08464066705835;0.625891098535958;2.83125716197199;0.902969983994372
4.12515792494227;0.615725696100196;2.85934158503825;0.888304408311658
4.10201171335992;0.612270866612953;2.8432978537393;0.883320142943295
4.07983013033174;0.608960018665036;2.82792275200296;0.878543599027699
4.06472288616741;0.606705094466137;2.81745120830443;0.875290431068365
4.06478365379157;0.606714164709837;2.81749332921178;0.875303516663972
4.13841972875267;0.603281142961508;2.86853396695857;0.870350713212393
4.13248299871388;0.602415711826437;2.86441893927044;0.869102160005596
4.1296107086604;0.601997001656866;2.86242801951811;0.868498088920386
4.1296107086604;0.601997001656866;2.86242801951811;0.868498088920386
4.14037906133971;0.596979444902043;2.86989207281705;0.861259284672824
4.11930671170545;0.593941133819634;2.85528583308029;0.856875928341555
4.10264494036829;0.591538760786494;2.84373677325481;0.853410036680277
4.08326158438399;0.588743976800676;2.8303012547045;0.849378015683583
4.08326158438399;0.588743976800676;2.8303012547045;0.849378015683583
4.08647511738136;0.589207319194337;2.83252870604126;0.850046477457151
4.08331964448249;0.588752348180413;2.83034149889808;0.849390093031614
4.08331964448249;0.588752348180413;2.83034149889808;0.849390093031614
4.06594898234015;0.586247763916584;2.81830107340966;0.8457767417347
4.0573303067603;0.585005082488816;2.81232706273132;0.843983931401453
4.07008237851745;0.580728110740994;2.82116612531609;0.837813565470848
4.05916521015871;0.579170425670766;2.81359892084853;0.835566300944763
4.05101671534963;0.578007780899536;2.80795081464581;0.833888959098996
4.04335791355696;0.576915006581485;2.80264213777675;0.832312419009532
4.06102817204942;0.573660686494576;2.81489022763056;0.827617427558683
4.10374888840069;0.568900394344189;2.84450197172095;0.820749777680137
4.11166420032431;0.569997689572811;2.84998844786406;0.822332840064862
4.11121089582095;0.569934848225124;2.84967424112562;0.82224217916419
4.09733195435571;0.568010818395966;2.84005409197983;0.819466390871142
4.08571503401938;0.566400371280382;2.83200185640191;0.817143006803875
4.11433883188247;0.565348839465844;2.85184236118763;0.815625967069704
4.12350117018053;0.566607830894421;2.85819321014627;0.817442307760234
4.11659977388768;0.56565951415526;2.85340952676395;0.816074175903454
4.15875587823609;0.561994708054414;2.88262991163645;0.810786978315943
4.15009588247108;0.560824436960314;2.87662725998826;0.809098634011991
4.13553608877118;0.558856894923878;2.86653518003565;0.806260070873284
4.12884029890571;0.557952057376108;2.86189401216877;0.804954666230305
4.12495127758009;0.557426513326757;2.85919834800178;0.804196466436539
4.12180566635011;0.557001430220991;2.85701797644659;0.803583201147884
4.12194863271695;0.557020750023342;2.85711707318068;0.803611073730927
4.11957280660266;0.55669969205731;2.85547027600805;0.803147884995494
4.14492072597299;0.555721816864101;2.87304011485266;0.801737109303643
4.15369673564495;0.556898442513214;2.87912318121335;0.803434621292601
4.1518408118914;0.556649613310324;2.87783675289624;0.803075636635564
4.14989198606011;0.556388328450296;2.87648592976588;0.802698682263741
4.14721045497211;0.556028807623066;2.87462723405265;0.802180003349201
4.14437692695651;0.555648908116884;2.8726631820976;0.801631924215595
4.13762720675707;0.55474395310796;2.86798463257178;0.800326350111993
4.13518240660309;0.554416171499274;2.86629002623802;0.799853461210647
4.13776987112267;0.554763080542643;2.86808351997456;0.800353945167155
4.13452816057945;0.554328454794185;2.86583653745134;0.799726912755212
4.12686370988869;0.553300859154914;2.8605239450645;0.798244405622397
4.12078358055145;0.552485678179103;2.85630952055695;0.797068348071167
4.1294269501721;0.553644520383084;2.86230064784005;0.798740203972024
4.13132786632736;0.553899381850732;2.86361826251354;0.799107891347513
4.13205869199218;0.553997365815472;2.86412483226259;0.799249252327531
4.12949776344615;0.55365401452879;2.8623497318613;0.798753901128951
4.11795259893679;0.552106120076447;2.85434723363253;0.796520761478736
4.11710188878965;0.551992062843547;2.85375756629257;0.796356211674454
4.11004475322864;0.551045891745209;2.84886593267563;0.794991175323049
4.10392571062734;0.550225493552656;2.84462453554881;0.793807590919099
4.09826509365071;0.549466557843436;2.84070089485123;0.792712678135054
4.09545663994377;0.549090020124194;2.83875422308253;0.792169449034796
4.11314682087845;0.547277405520414;2.851016122121;0.78955439893488
4.10933682202283;0.54677046366311;2.84837523215629;0.788823036431328
4.10652313106472;0.546396086196283;2.84642493020171;0.788282923916516
4.11526498638692;0.547559239399538;2.85248432257115;0.789960999274647
4.11163078676053;0.547075688622169;2.84996528734653;0.789263382966118
4.13167925535808;0.545712916097475;2.86386182682947;0.787297317802881
4.12640094597191;0.54501575607387;2.86020318156032;0.786291528494121
4.151934678763;0.548388255950817;2.87790181645364;0.791157017341991
4.14498398917375;0.547470207658535;2.8730839655619;0.789832553623419
4.13710173690046;0.546429118404596;2.8676204046222;0.788330579319639
4.14048820748308;0.546876404029328;2.8699677271586;0.788975876072301
4.13973775026644;0.546777283509367;2.86944754985475;0.788832875389703
4.13025395155062;0.54552466172219;2.86287388151388;0.787025724149233
4.14102357475237;0.543069135822504;2.87033881547187;0.783483149110982
4.13462056440608;0.542229421381703;2.86590058690325;0.782271697251475
