"","ShannonWiener","Pielou","Richness"
"1",0,0,1
"2",0,0,1
"3",0.636514168294813,0.918295834054489,2
"4",0.693147180559945,1,2
"5",0.673011667009257,0.970950594454669,2
"6",0.636514168294813,0.918295834054489,2
"7",0.598269588585257,0.863120568566631,2
"8",0.562335144618808,0.811278124459133,2
"9",0.529706199057654,0.76420450650862,2
"10",0.801818552543337,0.729846699162098,3
"11",0.759547391474863,0.691369830202511,3
"12",0.721463686692511,0.656704548214339,3
"13",0.937155853065701,0.676015050878977,4
"14",1.02851376402485,0.741915853422344,4
"15",1.0775733728922,0.777304880632783,4
"16",1.04083983742324,0.750807235905091,4
"17",1.00621456594408,0.725830382178883,4
"18",1.03990954643052,0.750136172804204,4
"19",1.05968466737315,0.764400907262659,4
"20",1.07004731469048,0.771875977210251,4
"21",1.07383132318584,0.774605562355726,4
"22",1.20992820766335,0.751770663730339,5
"23",1.33616754613397,0.745729306350272,6
"24",1.37413483409071,0.766919253220262,6
"25",1.48711358846126,0.764225208025771,7
"26",1.50642744230422,0.774150565500442,7
"27",1.51637728799174,0.779263774706096,7
"28",1.56678654705164,0.805169009377065,7
"29",1.59690805507806,0.820648402421516,7
"30",1.61484451330151,0.829865918570533,7
"31",1.62454855388804,0.83485280894224,7
"32",1.71284221003378,0.823702987413676,8
"33",1.79673185939041,0.817727909073664,9
"34",1.83580486197998,0.835510798903223,9
"35",1.83585492483719,0.835533583491435,9
"36",1.85874665268632,0.845952057818209,9
"37",1.85517152032716,0.844324944961365,9
"38",1.84872358589,0.841390363533652,9
"39",1.84006762899195,0.837450867777356,9
"40",1.82970204405682,0.832733286769913,9
"41",1.81800881126221,0.827411467182043,9
"42",1.83368309324524,0.834545140337127,9
"43",1.84330601873328,0.838924722464185,9
"44",1.84844387431621,0.841263061310352,9
"45",1.85013743087012,0.84203383211429,9
"46",1.91464949104325,0.831521708738951,10
"47",1.97687892829497,0.824422547023054,11
"48",2.03695876818895,0.81973251122441,12
"49",2.06671984889371,0.831709251158401,12
"50",2.05458392926209,0.826825397822238,12
"51",2.07336492070105,0.834383424776916,12
"52",2.12852263563552,0.829849770500756,13
"53",2.11701779827172,0.825364365231319,13
"54",2.14435770450907,0.836023408521127,13
"55",2.14144257139551,0.834886881944072,13
"56",2.13671825102765,0.833045005279288,13
"57",2.12570154023518,0.828749906524055,13
"58",2.11403964087784,0.824203267299613,13
"59",2.1018536160634,0.819452286630542,13
"60",2.1140997885359,0.824226717141958,13
"61",2.12207552747064,0.827336228412244,13
"62",2.12681074323766,0.829182352879865,13
"63",2.11518659414765,0.82465043139916,13
"64",2.11776516836931,0.825655743341929,13
"65",2.11829945682741,0.825864047048413,13
"66",2.11715176154124,0.825416593658026,13
"67",2.11460267243669,0.824422777114577,13
"68",2.11087500639996,0.822969467314955,13
"69",2.1061491812139,0.821127003964826,13
"70",2.13113310384119,0.83086751699079,13
"71",2.14824477592221,0.83753886589335,13
"72",2.16035733071145,0.842261202712204,13
"73",2.15484718625147,0.840112955830076,13
"74",2.19731246337342,0.83261262978844,14
"75",2.19079270586845,0.830142142530812,14
"76",2.23202076692989,0.824216909280867,15
"77",2.27234885594343,0.819576606409825,16
"78",2.26305032837923,0.816222871508713,16
"79",2.25340446434824,0.812743861458064,16
"80",2.24836551578729,0.810926444933018,16
"81",2.24265470432008,0.80886670508722,16
"82",2.25065384974923,0.811751786947715,16
"83",2.24448743914417,0.809527724447715,16
"84",2.23571010884113,0.806361971722607,16
"85",2.2733693510764,0.802399634268872,17
"86",2.26756924553138,0.800352451497698,17
"87",2.26961991575626,0.801076248111595,17
"88",2.27033042226523,0.801327025734984,17
"89",2.26439784103501,0.79923308485945,17
"90",2.25802704425066,0.796984473120518,17
"91",2.29371185435021,0.793569840310007,18
"92",2.31367193891552,0.800475555642568,18
"93",2.3276933295708,0.805326623889058,18
"94",2.3618450672363,0.802137549444114,19
"95",2.37171253589903,0.805488771436674,19
"96",2.3788520882456,0.807913529564483,19
"97",2.38387599744635,0.809619766044944,19
"98",2.41648795660392,0.806643496795897,20
"99",2.43454118827952,0.812669813578266,20
"100",2.44710188570272,0.816862677384586,20
"101",2.45614853063322,0.819882521651164,20
"102",2.44930383877263,0.817597707376867,20
"103",2.44862155974321,0.817369957041684,20
"104",2.47930373439039,0.814348977583599,21
"105",2.48374670837372,0.815808311214474,21
"106",2.48661601283548,0.816750759339082,21
"107",2.51634989413183,0.814078076280672,22
"108",2.54561968438979,0.811871912076049,23
"109",2.57443736282255,0.810067261365643,24
"110",2.59021181146116,0.815030817516887,24
"111",2.60578393701001,0.81993071109331,24
"112",2.61648656913043,0.823298379701758,24
"113",2.62407172649183,0.825685109998447,24
"114",2.62489248601757,0.825943368533247,24
"115",2.65198534826786,0.823885571409532,25
"116",2.65711698568688,0.825479804209495,25
"117",2.66051360076478,0.826535022013071,25
"118",2.66250603709383,0.827154007161132,25
"119",2.65722651958901,0.82551383282945,25
"120",2.65158384992955,0.82376083893765,25
"121",2.64561689323745,0.821907099614746,25
"122",2.63935988983566,0.819963252215154,25
"123",2.65385138579009,0.824465288560411,25
"124",2.66395497073802,0.827604143706629,25
"125",2.67124303056642,0.829868306794901,25
"126",2.67647356996992,0.831493265223894,25
"127",2.67012287128856,0.8295203097491,25
"128",2.66354213073441,0.827475887748318,25
"129",2.65675470025782,0.825367253912816,25
"130",2.65128758282921,0.823668798387949,25
"131",2.645560699855,0.821889642158943,25
"132",2.67005648578072,0.819514233117887,26
"133",2.67391480557857,0.820698458248365,26
"134",2.66794360119975,0.818865730362885,26
"135",2.66864085625144,0.819079737235781,26
"136",2.67030385055006,0.819590156211772,26
"137",2.66953758381253,0.819354967742496,26
"138",2.67498738099904,0.821027661329966,26
"139",2.67775764390878,0.821877931687953,26
"140",2.67198865844118,0.820107270383025,26
"141",2.67603014401834,0.82134771416055,26
"142",2.67888544869454,0.822224086190315,26
"143",2.6790926148846,0.822287671227665,26
"144",2.67335516630408,0.820526689466209,26
"145",2.66744480343343,0.81871263552346,26
"146",2.66137717070498,0.816850311108685,26
"147",2.65516650369476,0.814944085514159,26
"148",2.64993154940039,0.813337333156368,26
"149",2.64452031824202,0.811676476550305,26
"150",2.63894812168848,0.809966215209514,26
"151",2.64133786892607,0.810699694776401,26
"152",2.65444939247563,0.81472398423393,26
"153",2.6674325235267,0.818708866480221,26
"154",2.6697189195337,0.819410624694049,26
"155",2.67120914255734,0.819868015384056,26
"156",2.67078223915486,0.819736986914673,26
"157",2.66532782961822,0.818062877669295,26
"158",2.65973928882961,0.816347599830412,26
"159",2.65426085016526,0.814666115380698,26
"160",2.64865866598677,0.81294665000786,26
"161",2.6429430192439,0.811192359833774,26
"162",2.64412036981173,0.811553721307904,26
"163",2.64470662124242,0.81173365809733,26
"164",2.64476804205797,0.81175250984553,26
"165",2.64436003683873,0.811627281751617,26
"166",2.6652311792288,0.808665989120986,27
"167",2.65963489328225,0.806968002790329,27
"168",2.65394242354232,0.805240833039107,27
"169",2.66319360315076,0.808047761896495,27
"170",2.66241240847888,0.807810737218503,27
"171",2.66125668364269,0.807460075191475,27
"172",2.65976051286951,0.807006117415648,27
"173",2.66693562700163,0.809183140861842,27
"174",2.66141433411462,0.807507908406022,27
"175",2.6705055714534,0.810266308687469,27
"176",2.66491427304342,0.808569835640622,27
"177",2.66481790816357,0.808540597276051,27
