"","ShannonWiener","Pielou","Richness"
"1",0,0,1
"2",0.693147180559945,1,2
"3",1.09861228866811,1,3
"4",1.38629436111989,1,4
"5",1.6094379124341,1,5
"6",1.56071040904141,0.969723899868247,5
"7",1.47507631105469,0.916516443199602,5
"8",1.66746193342929,0.930628224416578,6
"9",1.67698777432242,0.935944697445866,6
"10",1.64341771979318,0.917208893279194,6
"11",1.79865220625213,0.924324387292664,7
"12",1.82007597536062,0.93533402672483,7
"13",1.8446214763655,0.947947919003874,7
"14",1.97018144002608,0.947456997725703,8
"15",2.08376603748565,0.948362793216102,9
"16",2.10067892127926,0.956060178348267,9
"17",2.08850161933547,0.950518049396406,9
"18",2.06206954130016,0.938488292261909,9
"19",2.15973161607549,0.937959523253579,10
"20",2.25026027861759,0.938431425318885,11
"21",2.26853509201638,0.946052614453414,11
"22",2.26352987314321,0.943965276057134,11
"23",2.24616302709404,0.936722738717751,11
"24",2.22152760281051,0.926448968815039,11
"25",2.19247595630435,0.914333491197763,11
"26",2.27117358747932,0.913987488291796,12
"27",2.29412238173706,0.923222762485981,12
"28",2.29806759660018,0.924810433742547,12
"29",2.29125534175972,0.922068980722152,12
"30",2.27762450578659,0.916583528794094,12
"31",2.2850604696093,0.919575980773462,12
"32",2.35271312838875,0.917255197083957,13
"33",2.37520382988251,0.926023674881902,13
"34",2.38187329969982,0.928623909384744,13
"35",2.37929359789996,0.927618157831656,13
"36",2.44013265441081,0.92462282915489,14
"37",2.43764097199271,0.923678672925263,14
"38",2.49518492803938,0.92139537406796,15
"39",2.51490674445719,0.92867803685234,15
"40",2.50639062204101,0.925533293666743,15
"41",2.55992442565755,0.92329756848667,16
"42",2.57848276961583,0.929991076185598,16
"43",2.56610209482764,0.925525691655655,16
"44",2.55100715379886,0.920081342514473,16
"45",2.53708819303093,0.915061138595918,16
"46",2.52114129554727,0.909309511116607,16
"47",2.50366901647791,0.903007718525006,16
"48",2.55277406286808,0.901017238332414,17
"49",2.57200830082428,0.907806080406928,17
"50",2.59088136086513,0.914467442524413,17
"51",2.5991467163903,0.917384750372942,17
"52",2.60093669336007,0.918016533705999,17
"53",2.59825460356719,0.917069873688846,17
"54",2.64235483491239,0.914192033496654,18
"55",2.68518814106517,0.911952382122498,19
"56",2.70206112305084,0.917682839471097,19
"57",2.69554882847456,0.915471112679558,19
"58",2.68667657483025,0.912457888867791,19
"59",2.67596770557369,0.908820907652584,19
"60",2.66380950515249,0.904691699845177,19
"61",2.68106406441435,0.910551749716799,19
"62",2.66795329602555,0.906099027659538,19
"63",2.66740076390102,0.905911374891577,19
"64",2.65384813480117,0.901308586653906,19
"65",2.6509164397273,0.90031291478072,19
"66",2.64830669332734,0.899426584169548,19
"67",2.68634976544859,0.896725581642725,20
"68",2.68127556632084,0.895031772361922,20
"69",2.67656158184107,0.893458205684624,20
"70",2.67014151404609,0.891315134405641,20
"71",2.66233833024109,0.888710367659999,20
"72",2.65340112517258,0.885727055316833,20
"73",2.64352688460631,0.882430952840174,20
"74",2.63287443882247,0.878875079080065,20
"75",2.62157384321911,0.875102847594923,20
"76",2.63200817214588,0.878585912159431,20
"77",2.63792940422836,0.880562467986785,20
"78",2.64062593598651,0.881462592401088,20
"79",2.64086769135261,0.881543292324856,20
"80",2.63737670944776,0.880377973936537,20
"81",2.63120441699337,0.878317612098173,20
"82",2.64169039047293,0.881817916037922,20
"83",2.67507715891842,0.878652469685439,21
"84",2.69130893434321,0.883983938169189,21
"85",2.70114298445628,0.887214017866162,21
"86",2.69412403818682,0.884908583627121,21
"87",2.68635372796023,0.882356357330374,21
"88",2.67794256629693,0.879593637778997,21
"89",2.66898294492802,0.876650771844463,21
"90",2.66847668104599,0.876484485048292,21
"91",2.67866707200619,0.879831608010483,21
"92",2.68506192358225,0.881932052893666,21
"93",2.68871923254427,0.883133327982562,21
"94",2.69027104301645,0.88364303369304,21
"95",2.69013956825473,0.883599849658624,21
"96",2.6886272851355,0.883103127052647,21
"97",2.68725357336982,0.882651919418681,21
"98",2.6847342423385,0.881824423125633,21
"99",2.68124422493805,0.880678096412055,21
"100",2.67440870736738,0.878432910932068,21
"101",2.66709974195027,0.876032217369572,21
"102",2.65937707991865,0.87349564153885,21
"103",2.68821670858601,0.869679646640035,22
"104",2.70326533025278,0.874548108297824,22
"105",2.71313557235468,0.877741284144109,22
"106",2.71970378988779,0.87986620401571,22
"107",2.72623740617921,0.881979929850928,22
"108",2.73039701468034,0.883325627480091,22
"109",2.72594121488407,0.881884107389862,22
"110",2.72089137860917,0.880250407319061,22
"111",2.71532074583692,0.878448221533422,22
"112",2.70929172879786,0.876497741353989,22
"113",2.70285802668585,0.874416339299798,22
"114",2.69606622214789,0.872219085577004,22
"115",2.68895701023031,0.869919145661957,22
"116",2.68156616052602,0.867528091570722,22
"117",2.70785951131639,0.863614896037677,23
"118",2.72203138795346,0.868134718324408,23
"119",2.7316392543441,0.871198945437897,23
"120",2.72537647856169,0.86920156468988,23
"121",2.72302336561918,0.86845108875835,23
"122",2.72003038429097,0.867496540249537,23
"123",2.71647441696996,0.86636243918727,23
"124",2.71242040922507,0.865069498596184,23
"125",2.70641895182797,0.863155459856578,23
"126",2.70631097800799,0.863121023875346,23
"127",2.70725402868748,0.863421790075041,23
"128",2.71224502599289,0.865013563799275,23
"129",2.7122775259337,0.865023928972537,23
"130",2.71151268852387,0.864780000150744,23
"131",2.70758831974281,0.863528405183316,23
"132",2.70327581658375,0.862153022911152,23
"133",2.69861489299269,0.860666519262898,23
"134",2.69364041130434,0.859080012847712,23
"135",2.68838317072975,0.857403326426833,23
"136",2.68287053347436,0.85564518660078,23
"137",2.67712692853833,0.853813384485869,23
"138",2.67117426189349,0.851914906531548,23
"139",2.66503225397328,0.849956042155716,23
"140",2.67234432274248,0.852288072855072,23
"141",2.67179016660372,0.852111336398043,23
"142",2.665618212431,0.850142921294176,23
"143",2.65929036657088,0.848124787812068,23
"144",2.66488085634529,0.849907757063298,23
"145",2.66235979602649,0.849103717844859,23
"146",2.65946354796556,0.848180020379171,23
"147",2.65622785167966,0.847148063034309,23
"148",2.65268415989425,0.846017876996203,23
"149",2.64886033403424,0.844798348080926,23
"150",2.67124989533111,0.840530097326468,24
"151",2.68420629922624,0.844606933209928,24
"152",2.68003572451201,0.843294628593056,24
"153",2.68943170212647,0.84625114793352,24
"154",2.68504171105775,0.84486980220967,24
"155",2.70668784421728,0.84087985728002,25
"156",2.70603351324006,0.840676577932563,25
"157",2.70035457329523,0.838912316043072,25
"158",2.69454434425551,0.837107266902984,25
"159",2.6886140152474,0.8352649066099,25
"160",2.68257386202519,0.833388427506374,25
"161",2.67643334080037,0.831480767329681,25
"162",2.67570870101521,0.831255645322934,25
"163",2.66955708036285,0.8293445369152,25
"164",2.66332115841622,0.827407238837884,25
"165",2.65700835376899,0.8254460558067,25
"166",2.65420300652677,0.824574525684116,25
"167",2.64791128491796,0.822619892467079,25
"168",2.64155501269208,0.820645205473323,25
"169",2.63868563045919,0.819753781762375,25
"170",2.6355905723708,0.818792247904971,25
"171",2.63228753441377,0.817766101468532,25
"172",2.62879254210597,0.816680321060105,25
"173",2.62512016252282,0.815539432196118,25
"174",2.63248634340911,0.817827864955587,25
"175",2.62996709862603,0.817045217559368,25
"176",2.62695407481798,0.816109169084066,25
"177",2.62375030347079,0.815113861553892,25
"178",2.62036993280209,0.814063690359782,25
"179",2.61682587507778,0.812962666922675,25
"180",2.61312995103784,0.811814463561929,25
"181",2.62049602269178,0.814102862386461,25
"182",2.61667005001383,0.812914257144719,25
"183",2.61271348153951,0.811685080037685,25
"184",2.61867808931583,0.813538089628872,25
"185",2.62351918605596,0.815042060891983,25
"186",2.63541832650752,0.818738736718875,25
"187",2.63784358240087,0.819492184824769,25
"188",2.63967924380463,0.820062465103859,25
"189",2.64099363808821,0.820470804646944,25
"190",2.64184291403272,0.820734647053648,25
"191",2.6422740464036,0.820868585855371,25
"192",2.66108973716414,0.816762089799868,26
"193",2.65606126908049,0.815218713774948,26
"194",2.65096814612763,0.813655493381255,26
"195",2.6458150774802,0.812073873994814,26
"196",2.64060647585937,0.810475210001882,26
"197",2.63534648048293,0.808860771842959,26
"198",2.63003897778259,0.807231752371496,26
"199",2.62468762015368,0.805589272608711,26
"200",2.61929584296547,0.803934386964504,26
"201",2.61597079113761,0.802913836532968,26
"202",2.61060979433786,0.801268398241873,26
"203",2.60521403536664,0.799612290478257,26
"204",2.60746708060907,0.800303812419408,26
"205",2.60923343586616,0.800845955734216,26
"206",2.62727329805748,0.797149071653728,27
"207",2.63846523900483,0.80054485287785,27
"208",2.63891814364581,0.800682270067897,27
"209",2.64015732136089,0.801058252789573,27
"210",2.64101019573764,0.801317026027275,27
"211",2.64117381713634,0.801366670899077,27
"212",2.64104355162019,0.801327146638186,27
"213",2.64158550723713,0.801491583058728,27
"214",2.64634570891065,0.802935890488692,27
"215",2.64124929460845,0.801389571751024,27
"216",2.64601014398125,0.80283407570142,27
"217",2.6499768042877,0.804037612304632,27
"218",2.64698542256842,0.803129987977064,27
"219",2.65029884005323,0.804135322166685,27
"220",2.66100228626474,0.807382887700621,27
"221",2.65600437454422,0.805866455934209,27
"222",2.65097602374454,0.804340788553174,27
"223",2.6459195401229,0.802806585306103,27
"224",2.64083710876493,0.801264509176546,27
"225",2.63573080109456,0.799715188661615,27
"226",2.63060258180763,0.798159219875713,27
"227",2.62545431528299,0.796597168495759,27
"228",2.62449540912921,0.796306223830486,27
"229",2.62335600834968,0.795960514735694,27
"230",2.6220478050348,0.79556358874449,27
"231",2.62040104564004,0.795063940411848,27
"232",2.61861468220709,0.794521934388621,27
"233",2.61669704005455,0.79394009668533,27
"234",2.61465581514024,0.793320762356205,27
"235",2.61249813952463,0.792666095361651,27
"236",2.61023063800932,0.791978105753092,27
"237",2.60785947740087,0.791258664620278,27
"238",2.60552597117486,0.790550648319447,27
"239",2.60309457810412,0.789812931870002,27
"240",2.60057065091054,0.789047139357752,27
"241",2.60476705958373,0.790320384619519,27
"242",2.60835359019958,0.7914085849042,27
"243",2.61141185583352,0.79233650268602,27
"244",2.61400560439926,0.793123479915534,27
"245",2.61618606128365,0.793785059044915,27
"246",2.62422495433136,0.796224164308474,27
"247",2.62507186101758,0.796481126870839,27
"248",2.62565924610421,0.796659347186502,27
"249",2.62600693940371,0.796764841879846,27
"250",2.62613248545679,0.796802934193933,27
"251",2.62368554307632,0.796060499880602,27
"252",2.62115710050706,0.795293337344329,27
"253",2.61693016927571,0.794010831139319,27
"254",2.61267917058301,0.792721022551842,27
"255",2.60840564716624,0.791424379668559,27
"256",2.60411107114594,0.790121349150088,27
"257",2.59979684785814,0.78881235739376,27
"258",2.5954643194283,0.787497811617989,27
"259",2.59111476810817,0.786178100874719,27
"260",2.58674941939472,0.784853596995757,27
"261",2.58236944494862,0.783524655478268,27
"262",2.57797596532787,0.782191616314206,27
"263",2.57357005255093,0.780854804767983,27
"264",2.56915273250217,0.779514532106334,27
"265",2.56472498719157,0.778171096283927,27
"266",2.56264750459797,0.777540760900816,27
"267",2.56482238982517,0.778200649516553,27
"268",2.56268438837294,0.777551951920417,27
"269",2.56761672552689,0.77904848750591,27
"270",2.57190612131623,0.780349946274571,27
"271",2.57035047503198,0.779877942851012,27
"272",2.56870492525359,0.779378661531793,27
"273",2.56697388063518,0.77885343996022,27
"274",2.56516148234694,0.778303534621477,27
"275",2.56327162632272,0.777730127592835,27
"276",2.56121004716162,0.777104617519093,27
"277",2.55908141936142,0.776458764011549,27
"278",2.55688884744502,0.775793509023047,27
"279",2.55463527075828,0.775109744389553,27
"280",2.55520926192414,0.775283900814519,27
"281",2.55560448991898,0.775403818155975,27
"282",2.55583215555988,0.775472894888277,27
"283",2.55590241383281,0.775494212166947,27
"284",2.55200845842951,0.774312735182007,27
"285",2.54810181221046,0.773127407637632,27
"286",2.54418333263167,0.771938489697182,27
"287",2.54025384332734,0.770746231262045,27
"288",2.53631413564101,0.769550872436196,27
"289",2.53236497007173,0.768352643964994,27
"290",2.52840707764107,0.767151767649943,27
"291",2.52444116118621,0.765948456741031,27
"292",2.52046789658393,0.764742916308108,27
"293",2.51648793391,0.76353534359267,27
"294",2.5125018985382,0.76232592834129,27
"295",2.51375467593148,0.762706037383155,27
"296",2.51381544864014,0.762724476617598,27
"297",2.51374685470911,0.762703664322022,27
"298",2.51355575582537,0.762645682421975,27
"299",2.51324849266758,0.762552454762269,27
"300",2.51283094119288,0.762425764185132,27
"301",2.52041590413798,0.764727141120178,27
"302",2.51906184013216,0.764316300395693,27
"303",2.51763843313622,0.763884420101306,27
"304",2.51614867193742,0.763432407074152,27
"305",2.5145953866926,0.762961120020828,27
"306",2.51298126046762,0.762471373018593,27
"307",2.51521830998498,0.763150123092796,27
"308",2.51720141183236,0.763751822123423,27
"309",2.51554720717438,0.763249914800569,27
"310",2.51383730215196,0.762731107258832,27
"311",2.5156070634546,0.763268075978642,27
"312",2.51716195225607,0.763739849572022,27
"313",2.5167708637754,0.763621188213294,27
"314",2.52308197044379,0.765536060497624,27
"315",2.52936311681193,0.767441842435112,27
"316",2.52885822050282,0.767288650293135,27
"317",2.52826132055315,0.767107543043616,27
"318",2.52670958109221,0.766636725001331,27
"319",2.52604176583398,0.766434101119938,27
"320",2.52257440364884,0.765382058095324,27
"321",2.51909843979828,0.764327405212954,27
"322",2.51561442821987,0.763270310544722,27
"323",2.51212290361566,0.762210936326228,27
"324",2.51146202452115,0.762010416967601,27
"325",2.50798579796339,0.760955684376429,27
"326",2.50450292710133,0.759898935816456,27
"327",2.50101389338584,0.758840317366167,27
"328",2.50311149340291,0.759476756638603,27
"329",2.50498831576304,0.760046209083139,27
"330",2.50152117017385,0.758994231776568,27
"331",2.49804858537486,0.757940604142626,27
"332",2.49457099501325,0.756885457755533,27
"333",2.49108881824768,0.755828919793511,27
"334",2.48760246028482,0.754771113201558,27
"335",2.48411231289178,0.753712156846939,27
"336",2.48061875488594,0.752652165667802,27
"337",2.48128506359139,0.752854332441383,27
"338",2.48483770033203,0.753932248881144,27
"339",2.48624661253027,0.754359731264382,27
"340",2.48749243020949,0.754737728638001,27
"341",2.48630017604257,0.754375983134385,27
"342",2.48505546325926,0.753998321000635,27
"343",2.48376026702598,0.753605341528066,27
"344",2.48241647136514,0.753197616353711,27
"345",2.48102587491915,0.752775691209192,27
"346",2.48282731965883,0.753322273098079,27
"347",2.47950951319327,0.752315607234309,27
"348",2.48272912547157,0.753292479697723,27
"349",2.47941595924497,0.752287221743128,27
"350",2.47903189911001,0.752170692876386,27
"351",2.48438322774394,0.753794355955442,27
"352",2.48914021323561,0.755237687553781,27
"353",2.48801605220475,0.754896602398004,27
