"","empEntropy","evenness_log2","entropy","evenness"
"1",0,1,0,1
"2",0,1,0,1
"3",0,1,0,1
"4",0,1,0,1
"5",0,1,0,1
"6",0,1,0,1
"7",0.650022421648354,0.450561208866305,0.450561208866305,0.650022421648354
"8",1.14883485428092,0.502416706900947,0.796311640173813,0.72483409150576
"9",1.06127812445913,0.464125769173774,0.735621939758795,0.669591945535779
"10",0.986426728730843,0.431391219374372,0.683738905848754,0.622365972874449
"11",0.921928094887362,0.403184213733396,0.639031859650177,0.581671865717887
"12",0.865856617457224,0.378662632640565,0.600166073159646,0.546294702280502
"13",0.816689088315021,0.357160335782115,0.566085738959629,0.515273445235094
"14",1.14511041438158,0.396865027579212,0.793730055158425,0.572555207190791
"15",1.29169199713806,0.447666332984045,0.895332665968091,0.64584599856903
"16",1.23664074194117,0.42858702182104,0.857174043642079,0.618320370970584
"17",1.18627812445913,0.411132668664394,0.822265337328788,0.593139062229566
"18",1.14006776267186,0.395117377671641,0.790234755343283,0.570033881335929
"19",1.09753783984195,0.380377629622151,0.760755259244303,0.548768919920977
"20",1.05827704322633,0.366770874381824,0.733541748763649,0.529138521613167
"21",1.29176014818097,0.385619135511935,0.895379904671339,0.556330814474958
"22",1.50644318782029,0.403946613546643,1.04418684831137,0.582771776147633
"23",1.4594316186373,0.391340652483842,1.01160091167848,0.564585218636689
"24",1.41543724730676,0.379543740753106,0.981106337230212,0.547565872584953
"25",1.37418541630609,0.368482230056887,0.95251274687916,0.531607485958778
"26",1.3354312795576,0.358090465915336,0.92565042625691,0.516615339365673
"27",1.29895656822774,0.348309920428514,0.900368082936878,0.502504994894646
"28",1.26456654370591,0.339088375230068,0.876530734400189,0.489201117367515
"29",1.23208722169973,0.330379177139648,0.854017783925102,0.476636400472347
"30",1.40599838788548,0.347146636421861,0.974563818434652,0.500826730827102
"31",1.50330740860783,0.371172623598185,1.0420132917914,0.535488903378847
"32",1.571538790639,0.38801922525479,1.08930768187201,0.559793412044663
"33",1.53759960964141,0.379639505457283,1.06578283425302,0.547704031848761
"34",1.50518237634417,0.371635560646106,1.04331292039148,0.536156780362127
"35",1.47418953988176,0.363983305121632,1.02183032318001,0.525116909265352
"36",1.61924609561549,0.374125288602859,1.12237586580858,0.539748698538498
"37",1.75738910570532,0.384277010721756,1.21812930376641,0.554394537695912
"38",1.88914816977674,0.394186054043753,1.30945772754073,0.568690265356511
"39",1.96236719116644,0.409463795400568,1.36020928578036,0.590731387047972
"40",2.03280498177169,0.42416121044638,1.40903304174326,0.611935274848453
"41",2.08177360116999,0.434378909175043,1.4429755022151,0.626676298133591
"42",2.11727658397097,0.441786893853533,1.46758429464507,0.637363760892231
"43",2.14324759608904,0.447205955709095,1.485586028471,0.645181814557521
"44",2.16205388840306,0.451130040795198,1.49862155696525,0.650843072651268
"45",2.22395281748142,0.464045753280479,1.54152662513559,0.669476507003331
"46",2.2362358363089,0.466608704562338,1.55004056500463,0.673174064107708
"47",2.27883012555488,0.475496347718805,1.57956467650343,0.685996222814734
"48",2.28637226127987,0.477070075374508,1.58479248661661,0.688266631899326
"49",2.29047281818624,0.477925689757839,1.58763477607499,0.689501022527071
"50",2.29174125845054,0.478190360084165,1.58851399186789,0.689882861094333
"51",2.29065763870062,0.477964254053871,1.58776288389344,0.689556659045713
"52",2.38497578209492,0.477864407018987,1.65313923906284,0.689412610223637
"53",2.35861365119868,0.472582372650728,1.63486640235856,0.681792245434745
"54",2.33272261743582,0.467394729409618,1.61692010530406,0.674308058256895
"55",2.42256369905697,0.468399096891647,1.67919319772821,0.675757054242449
"56",2.47325997956555,0.478201147510679,1.71433318162761,0.689898424061069
"57",2.55832839763348,0.479212810054072,1.77329811576609,0.691357944595474
"58",2.60577623578315,0.488100493070734,1.8061864510032,0.704180160808606
"59",2.57919719121464,0.483121844259264,1.78776326119856,0.696997488857971
"60",2.65943185229489,0.48416229325773,1.84337769030952,0.698498539468355
"61",2.73739958515935,0.485660081357777,1.89742080451917,0.700659390932595
"62",2.71032796595573,0.480857127175933,1.87865618799498,0.693730192752832
"63",2.68370855752248,0.476134402683873,1.8602050200913,0.686916741548652
"64",2.65754010712959,0.471491685626518,1.84206643248185,0.680218716673756
"65",2.73213111826046,0.473442245385583,1.89376898154233,0.683032779565116
"66",2.70600592365404,0.468915094139826,1.87566037655931,0.676501480913509
"67",2.74797710709577,0.476188146006677,1.90475258402671,0.686994276773942
"68",2.81887243210946,0.478021098799063,1.95389347867483,0.689638668677701
"69",2.79292565377731,0.473621074396629,1.93590854242928,0.683290775292519
"70",2.83274867781924,0.480374216359772,1.96351175926532,0.693033499713165
"71",2.90030403482831,0.482104009979203,2.01033756450787,0.69552906438968
"72",2.93807770051643,0.488382950214838,2.03652027437901,0.704587660329668
"73",2.96459977574329,0.492791591056038,2.05490397604511,0.710947984608328
"74",2.98395430205582,0.49600880367736,2.06831951138971,0.715589441302594
"75",2.99812675451269,0.498364624335693,2.07814310685181,0.718988172083596
"76",2.97352669201207,0.494275470703912,2.06109164288791,0.713088770417592
"77",2.94926871243243,0.49024317992029,2.0442772927362,0.707271404500638
"78",2.92535195191961,0.486267608390382,2.02769945761861,0.70153586716974
"79",2.96116550943023,0.492220728987448,2.05252352403292,0.710124404732941
"80",2.95876472869178,0.491821658404781,2.05085942963292,0.709548667582363
"81",2.95514769655585,0.491220416026046,2.0483522940059,0.70868125818419
"82",2.95047118264397,0.490443060934108,2.04511078157303,0.707559771848041
"83",2.94486816968132,0.489511698227019,2.04122706893533,0.706216099489256
"84",2.97937588357807,0.495247754531828,2.06514599353044,0.714491479474463
"85",3.03707844105478,0.49556927510987,2.10514235855651,0.714955335617948
"86",3.03013545930609,0.494436367778342,2.10032985033273,0.713320895828966
"87",3.06304713225225,0.499806664996914,2.12314248364287,0.721068596994299
"88",3.05531609548157,0.498545168343913,2.11778373730247,0.719248642028916
"89",3.07899444438609,0.502408836151695,2.13419631808595,0.724822736414846
"90",3.13327869687532,0.502512593214318,2.17182329464767,0.724972426214549
"91",3.18653674817294,0.502864148955198,2.20873896274673,0.725479613938513
"92",3.23880044971401,0.50341962655805,2.24496540011555,0.726280998721473
"93",3.26836118068629,0.508014368462623,2.26545533744428,0.732909810081364
"94",3.24764326475906,0.504794100446398,2.25109477243224,0.728263945384024
"95",3.26878211430936,0.508079795848663,2.26574710639831,0.733004201846744
"96",3.25998597635912,0.50671257716668,2.25965008817829,0.731031722234436
"97",3.24007618801378,0.503617919632423,2.24584967452116,0.726567075156513
"98",3.22034039842754,0.500550307416854,2.23216986761334,0.722141446225742
"99",3.2492146701899,0.505038350238087,2.25218398767614,0.728616323347232
"100",3.26507743278146,0.507503962474472,2.26317921684238,0.732173449893419
"101",3.28567091932792,0.510704889937497,2.27745353397995,0.736791412070571
"102",3.30114574470708,0.513110203551095,2.28817986556117,0.740261546092691
"103",3.32126331212169,0.51623715701191,2.30212430069434,0.744772786343699
"104",3.36787405102128,0.516060667594176,2.3344324029464,0.744518165935966
"105",3.39449234271148,0.520139398916001,2.35288279678278,0.750402531387081
"106",3.41354633150571,0.523059049125159,2.36609001539393,0.754614696264964
"107",3.43237043523295,0.52594347395494,2.37913788981903,0.758776041662705
"108",3.42389432492009,0.524644676232582,2.37326269785356,0.756902272629541
"109",3.43798576812356,0.5268039136259,2.38303014198006,0.760017393708983
"110",3.481712881875,0.526359695899652,2.4133394675909,0.759376522998252
"111",3.50658346555821,0.530119590327618,2.43057844254979,0.764800904043744
"112",3.52432330077827,0.532801469789981,2.44287475931618,0.768670038244357
"113",3.53748539280484,0.534791293474918,2.45199802629466,0.771540747006859
"114",3.54730261063867,0.536275444514625,2.45880280315713,0.773681924351774
"115",3.58872310407047,0.535656833403675,2.48751330139678,0.772789457169767
"116",3.59561907459101,0.536686133693822,2.49229322392032,0.774274423593948
"117",3.6361261478807,0.53619889599617,2.5203705875638,0.773571488183812
"118",3.64064786718415,0.536865688291021,2.52350480455027,0.774533466120896
"119",3.68029667876258,0.536497922474026,2.55098726650841,0.774002892200509
"120",3.68904875318063,0.537773762481632,2.55705374221534,0.77584354025245
"121",3.72783632723227,0.53749708138962,2.58393923980999,0.775444373813097
"122",3.74955321905021,0.540628325613979,2.59899224214412,0.779961804327391
"123",3.75781805330398,0.541819988525013,2.60472098870491,0.781681010499551
"124",3.76900828438458,0.54343344899321,2.61247746582825,0.784008741915689
"125",3.77483018371499,0.544272877987284,2.61651289893463,0.785219781962618
"126",3.78589218702089,0.545867849968164,2.62418049533745,0.78752084012979
"127",3.79397712445558,0.54703357450457,2.62978454692531,0.789202625137507
"128",3.79973754339046,0.547864138964298,2.63377736506887,0.790400876364694
"129",3.80360940109724,0.548422401729685,2.63646113232185,0.791206279287831
"130",3.78731691496263,0.546073273984467,2.62516804149334,0.787817204339391
"131",3.80206534055474,0.548199771774335,2.6353908711102,0.790885092155294
"132",3.83770299068567,0.547571719709946,2.66009300782024,0.789979004556581
"133",3.82150146924156,0.545260051771963,2.64886296891047,0.786643972686271
"134",3.80536116194633,0.542957118000448,2.63767536041541,0.783321541554609
"135",3.78928633912733,0.540663527694894,2.62653314230043,0.780012590194957
"136",3.77328086485727,0.53837983218951,2.61543899293661,0.776717914014439
"137",3.75734823124354,0.536106529745691,2.60439533286836,0.773438231852299
"138",3.75041510410473,0.535117296248576,2.59958965533963,0.77201106959173
"139",3.74313583298215,0.534078674183111,2.59454404908448,0.770512654688526
"140",3.74647959337497,0.534555769110216,2.59686176717323,0.771200957173894
"141",3.73899033579416,0.533487185725094,2.5916706093966,0.769659317223403
"142",3.73121514856614,0.532377805282719,2.58628126029118,0.768058819560729
"143",3.72317965634693,0.531231283964142,2.58071148151502,0.766404738940144
"144",3.72999221581132,0.532203314606064,2.58543358790016,0.767807082726838
"145",3.73510261430087,0.532932477257817,2.58897584620473,0.768859042068523
"146",3.75498202968137,0.535768915015805,2.6027552069269,0.772951156755763
"147",3.76948681058871,0.537838488363385,2.61280915491747,0.775936919961072
"148",3.80260220027493,0.537155443463631,2.63576299391161,0.774951494471492
"149",3.82182288420645,0.539870556551232,2.64908575678718,0.778868574658427
"150",3.80762642721171,0.537865165571321,2.63924552264733,0.775975407036665
"151",3.79347470419892,0.535866093712014,2.62943629574095,0.773091355978863
"152",3.77937081912435,0.533873779438055,2.61966022756657,0.770217054055931
"153",3.76531761688213,0.531888624619086,2.60991929005454,0.767353081043207
"154",3.78446820689304,0.534593836242104,2.62319346752666,0.771255876436291
"155",3.7985294512176,0.536580127085324,2.6329399793854,0.774121488385566
"156",3.78461718652201,0.534614881098877,2.62329673233645,0.771286237746792
"157",3.79547445344923,0.536148578215727,2.63082241629563,0.773498894971498
"158",3.78169326891557,0.534201848608014,2.62127002709135,0.770690357820498
"159",3.81308698642874,0.533493290996881,2.6430304938729,0.769668125268733
"160",3.84414324235202,0.532911410020974,2.66455705010487,0.768828648470404
"161",3.86236800516085,0.535437898612437,2.67718949306219,0.77247360103217
"162",3.87573363675806,0.537290768584039,2.6864538429202,0.775146727351613
"163",3.8837133218177,0.538396987824208,2.69198493912104,0.77674266436354
"164",3.89388610005514,0.539807234334956,2.69903617167478,0.778777220011027
"165",3.92377606052858,0.539163722966574,2.719754313504,0.777848829351107
"166",3.94123582133261,0.541562858261757,2.73185649747856,0.781310049943889
"167",3.92763926427784,0.539694563484456,2.72243208229072,0.778614670333759
"168",3.94045090782955,0.541455003766497,2.73131243689693,0.78115444879844
"169",3.95024344817478,0.542800590881661,2.73810010862774,0.783095720656571
"170",3.93682413165507,0.540956650620336,2.72879854721707,0.780435477185863
"171",3.94013292421077,0.541411309827522,2.73109202744811,0.781091411769363
"172",3.96888256150825,0.540744933835597,2.75101975748297,0.780130034430447
"173",3.97101366725699,0.541035288770328,2.75249692742419,0.78054892805488
"174",3.99934968983002,0.540453305544071,2.77213796157897,0.779709303740479
"175",4.0159136852708,0.542691685976707,2.78361924831756,0.782938604090266
"176",4.04376432874342,0.54215947862598,2.80292384331738,0.782170791184647
"177",4.03052634553766,0.540384622949579,2.79374797258201,0.77961021570201
"178",4.05807262315906,0.539949472589357,2.8128415972502,0.778982426435277
"179",4.07411922835102,0.542084564002163,2.82396425639657,0.782062712228377
"180",4.09003182159087,0.544201824368168,2.83499402553617,0.785117273258682
"181",4.09686993777427,0.54511167433134,2.83973384648903,0.786429909288504
"182",4.12361954155849,0.544648387694215,2.85827525893316,0.785761527954614
"183",4.12736234355007,0.545142737633541,2.86086957158102,0.786474724160543
"184",4.14281088751874,0.547183184013224,2.87157768627666,0.789418466033711
"185",4.14537068684154,0.547521282753889,2.87335200396006,0.789906239410199
"186",4.17145068464795,0.547059459465508,2.89142928090858,0.789239969242286
"187",4.18653949102391,0.549038261298259,2.90188804450609,0.792094776833298
"188",4.19747156663731,0.55047193409653,2.90946558189519,0.79416312946962
"189",4.18462640399232,0.548787371994626,2.90056199362398,0.791732820079134
"190",4.18529588400556,0.5488751700778,2.9010260418076,0.791859485938328
"191",4.18523790855795,0.548867566963337,2.90098585628955,0.791848516962798
"192",4.20006043559141,0.550811447939008,2.91126004911156,0.794652944406476
"193",4.19932101551015,0.550714477656833,2.91074752216699,0.794513045861269
"194",4.22435773591828,0.550195643782053,2.92810165432835,0.793764526803078
"195",4.21187028264134,0.548569232662445,2.91944601129707,0.791418111546373
"196",4.22253470321604,0.549958205403501,2.92683802435073,0.793421975631825
"197",4.22123377074161,0.54978876724863,2.92593628667397,0.793177528046055
"198",4.21941952019649,0.549552472690012,2.92467874402379,0.792836627058147
"199",4.20722824570404,0.547964636967468,2.91622839648192,0.790545864335487
"200",4.19506891684329,0.54638096195964,2.90780019196459,0.788261104255314
"201",4.21950826459287,0.545909821207685,2.92474025695193,0.787581391828908
"202",4.24374032283877,0.545505097192223,2.94153663980425,0.786997498498873
"203",4.25786700237372,0.547320989566986,2.95132850789457,0.78961727742273
"204",4.26817102783279,0.548645504730949,2.95847071408994,0.791528148881362
"205",4.29191322168456,0.548245926673721,2.9749275488186,0.790951679599752
"206",4.3154582822443,0.547904608045688,2.9912477411617,0.790459260907725
"207",4.33880891291849,0.547617190814471,3.00743316497781,0.790044605493582
"208",4.35230593074312,0.549320699573174,3.01678858482892,0.792502249131875
"209",4.36207741025312,0.550553994301466,3.02356165830118,0.794281517320336
"210",4.36944299553287,0.551483632181482,3.02866709297101,0.795622701279658
"211",4.39222421986358,0.551176552124496,3.04445783438554,0.795179678404288
"212",4.41482206767148,0.550917727773149,3.06012146888031,0.794806273796139
"213",4.42780501806068,0.552537846867096,3.06912056433794,0.797143611578625
"214",4.43314101453114,0.553203716296452,3.07281919524691,0.798104258102237
"215",4.44245296530238,0.554365737932069,3.07927374766952,0.799780700953347
"216",4.451709649509,0.555520862952206,3.08568999222867,0.801447194091506
"217",4.45560962000056,0.55600753327519,3.08839324577916,0.802149310953023
"218",4.45839117715754,0.556354638804045,3.09032127428009,0.802650078378166
"219",4.45586266412286,0.556039110197374,3.08856864259909,0.802194866822064
"220",4.46277229010153,0.556901350030731,3.09335803036492,0.803438815953704
"221",4.46463357686094,0.557133616667191,3.09464817603442,0.803773905878289
"222",4.46568954998419,0.557265389659338,3.09538012082755,0.803964014120582
"223",4.46604185276951,0.557309352892057,3.0956243185099,0.804027439658408
"224",4.46577210677667,0.557275691773405,3.0954373448355,0.803978876929458
"225",4.46494733243853,0.557172769662993,3.09486565482841,0.803830391711169
"226",4.46362356276435,0.557007578819554,3.09394808761105,0.80359207170054
"227",4.46480377916371,0.557154855907293,3.09476615128071,0.803804547624657
"228",4.48595469251191,0.556749816463903,3.10942684723429,0.803220199228314
"229",4.49817601673126,0.558266599508419,3.11789802365964,0.805408454604741
"230",4.5103182360671,0.559773564881471,3.12631436875802,0.807582546075234
"231",4.5191001426096,0.560863483347188,3.13240152251789,0.809154966040698
"232",4.5194562498451,0.5609076796558,3.13264835724416,0.809218727835957
"233",4.51921331534728,0.56087752916469,3.13247996788193,0.809175229871953
"234",4.53974793989451,0.560440979561709,3.1467134849907,0.80854542192463
"235",4.54836049218515,0.561504216399129,3.15268325132838,0.810079348437266
"236",4.56864890736844,0.56109617301165,3.16674610911071,0.809490666265683
"237",4.58879140016188,0.560731544171272,3.18070782119993,0.808964618045904
"238",4.60035088935737,0.562144066480782,3.1887202485445,0.81100245697698
"239",4.60507562177169,0.562721409460981,3.19199518349639,0.811835386831405
"240",4.62488927791536,0.56236520722902,3.20572896338895,0.811321495637802
"241",4.61932420222232,0.561688519689643,3.20187154686272,0.810345241880511
"242",4.61359073730885,0.560991356797636,3.19789741182311,0.809339448433521
"243",4.61267825982157,0.560880403743328,3.19726493062548,0.809179377012298
"244",4.62400277297355,0.562257412316461,3.20511448498799,0.811165980452019
"245",4.64345551566276,0.56191389602365,3.21859809873717,0.810670391199917
"246",4.6420137313666,0.561739422804655,3.21759873001731,0.810418679552105
"247",4.64015603605556,0.561514619356807,3.21631107375013,0.81009435673272
"248",4.64624052736759,0.56225091589436,3.2205285217482,0.811156608096071
"249",4.64401209277824,0.561981248540401,3.21898388859553,0.810767560341824
"250",4.6414383696873,0.561669797130037,3.2171999196915,0.810318230936614
"251",4.64947542652217,0.562642377550677,3.22277078297659,0.811721367886338
"252",4.63931145542516,0.561412414955164,3.21572565506741,0.809946906949313
"253",4.62915392130115,0.560183231310707,3.2086849889279,0.808173569801111
"254",4.6264140456218,0.559851673441269,3.20678585182568,0.807695232907105
"255",4.63254400427932,0.560593472073795,3.21103481538609,0.808765422115589
"256",4.63721863753486,0.56115915885086,3.21427502424732,0.809581535623558
"257",4.63187537611576,0.560512560034235,3.21057135765968,0.808648690717368
"258",4.62638766602826,0.559848481193571,3.20676756688479,0.807690627467183
"259",4.62076450342848,0.559168010971824,3.20286988758293,0.806708916452796
"260",4.62194838410497,0.55931127475482,3.20369049113595,0.806915602402064
"261",4.64056506292218,0.558932661734962,3.21659458956949,0.806369379275898
"262",4.64662696390526,0.55966278714118,3.22079637914475,0.807422727578675
"263",4.64445174737203,0.559400793278303,3.21928863393763,0.807044750331959
"264",4.64197094027103,0.55910199257248,3.21756906949006,0.806613672035455
"265",4.66031329779559,0.558741054519796,3.23028302289303,0.80609294849678
"266",4.6575122527815,0.558405227560336,3.2283414864389,0.805608452607769
"267",4.65616073929715,0.558243189941578,3.22740468867773,0.80537468173875
"268",4.65445338031828,0.558038488777656,3.22622123761532,0.805079360384696
"269",4.64895474931915,0.557379238918999,3.22240987704133,0.804128263882904
"270",4.64696916073126,0.557141179846454,3.22103357190989,0.803784817239505
"271",4.65163666458616,0.557700783001697,3.22426883904717,0.80459215393644
"272",4.65521750520867,0.558130102349482,3.22675088862869,0.805211530830447
"273",4.65295800817458,0.557859203447448,3.22518472463003,0.8048207063279
"274",4.6504234547612,0.55755532708626,3.22342790607757,0.804382305408571
"275",4.65402759080285,0.557987439402292,3.22592610281319,0.805005711704018
"276",4.67180696895311,0.557611833978076,3.23824982865015,0.804463827621171
"277",4.6744703252518,0.557929723608389,3.24009592655941,0.804922445414372
"278",4.68037013428343,0.558633905813713,3.24418536255553,0.805938365589877
"279",4.68227715781447,0.558861522000694,3.24550721053934,0.80626674633406
"280",4.68354104889839,0.559012375970033,3.24638327308069,0.806484382607524
"281",4.68424069803931,0.559095883838231,3.24686823291009,0.806604858994847
"282",4.68879824275466,0.559639857697607,3.25002728217982,0.807389647384143
"283",4.69231154992393,0.560059194726514,3.25246252113864,0.807994622836207
"284",4.69496448400507,0.560375840394504,3.25430139491719,0.808451445971137
"285",4.69688849523149,0.560605484178096,3.25563501787415,0.808782751918896
"286",4.69711173659694,0.560632129548514,3.2557897569972,0.808821193062659
"287",4.69841804599971,0.56078804643178,3.25669522167667,0.809046133576939
"288",4.69821200205427,0.56076345369003,3.25655240289681,0.809010653750374
"289",4.69564230666519,0.560456743124247,3.25477122578297,0.808568163938131
"290",4.70143596418355,0.561148255426816,3.25878708315696,0.809565805307761
"291",4.70494818269238,0.561567462516719,3.26122156751386,0.810170593297469
"292",4.70762320348005,0.561886744382869,3.26307575063078,0.810631219662409
"293",4.70958864066354,0.56212133263528,3.26443808787308,0.810969658970814
"294",4.70684959414398,0.561794408863971,3.26253952550062,0.810498007667198
"295",4.70195059308375,0.56120967987495,3.25914379672816,0.809654422054473
"296",4.69694365478047,0.560612067844218,3.25567325156001,0.80879225014136
"297",4.69458146656563,0.560330124666464,3.25403590745894,0.808385492117002
"298",4.691995816878,0.560021509846989,3.25224367166804,0.807940255047401
"299",4.68920165722166,0.559688007949169,3.25030690778022,0.807459113513288
"300",4.68621252711672,0.559331235006516,3.24823500067565,0.8069443989582
"301",4.68304074264046,0.558952661026353,3.24603648720859,0.80639823215441
"302",4.6796975525583,0.558553628625092,3.24371916442906,0.805822550087956
"303",4.67619326875659,0.558135368596278,3.24129017999203,0.805219128418583
"304",4.67253737608357,0.557699013020848,3.23875610829329,0.804589600393847
"305",4.6707081918525,0.557480687482027,3.2374882144008,0.80427462322169
"306",4.66864364066941,0.557234269301824,3.23605717656912,0.803919116935127
"307",4.67854259271502,0.558415776337816,3.24291860727003,0.805623671276727
"308",4.6762492895543,0.558142055058274,3.24132901065001,0.805228774944146
"309",4.68204726104129,0.558834082262244,3.24534785823919,0.806227159159475
"310",4.68664316185988,0.559382634182575,3.24853349393373,0.807018552294606
"311",4.68415846144084,0.559086068342685,3.24681123084373,0.8065906982281
"312",4.68051362390842,0.558651032273235,3.24428482198453,0.805963073848096
"313",4.67673571971385,0.55820011379554,3.24166617834364,0.805312535996481
"314",4.67283207768218,0.557734187654555,3.23896037987548,0.804640346663461
"315",4.66880951390774,0.557254067397346,3.2361721511366,0.803947679549355
"316",4.67001854625765,0.557398373604869,3.23701018850114,0.804155869399319
"317",4.66561717330475,0.556873039904099,3.23395938924825,0.803397973074405
