"","empEntropy","evenness_log2","entropy","evenness"
"1",0,1,0,1
"2",0,1,0,1
"3",1,0.693147180559945,0.693147180559945,1
"4",1.58496250072116,0.693147180559945,1.09861228866811,1
"5",2,0.693147180559945,1.38629436111989,1
"6",1.92192809488736,0.666089520105061,1.33217904021012,0.960964047443681
"7",1.79248125036058,0.621226662447,1.242453324894,0.896240625180289
"8",2.12808527889139,0.635280788540634,1.47507631105469,0.916516443199602
"9",2.15563906222957,0.643506205717275,1.49417513828931,0.928383211769586
"10",2.19715972342415,0.65590104658482,1.52295506753132,0.946265187221801
"11",2.17095059445467,0.648077038644984,1.50478828368119,0.934977529767123
"12",2.11807820934971,0.632293455705582,1.46813993901621,0.912206632932989
"13",2.0545851693378,0.613339371052254,1.42412991734677,0.884861668999043
"14",1.98777337148798,0.593394563368627,1.37781950803903,0.856087393862389
"15",1.92118549658855,0.573516601666175,1.33166431029301,0.827409557091281
"16",1.85656476213095,0.554225875138671,1.28687263039802,0.799578921594907
"17",1.79473671780348,0.535768828729919,1.24401669579289,0.772951032271542
"18",1.73604116765992,0.51824690150788,1.20333204069947,0.74767223476149
"19",1.68055637326599,0.501683456290613,1.16487291190137,0.723776234486502
"20",1.62822027603215,0.486059967208833,1.12859629366222,0.701236304266835
"21",1.67095059445467,0.498815917664067,1.15821469340122,0.719639250730427
"22",1.69568930453635,0.506200972860893,1.17536226054502,0.730293633239579
"23",1.70809866350181,0.509905442520571,1.18396377272449,0.73563805324672
"24",1.71177784896757,0.511003761214406,1.18651398975684,0.737222592179631
"25",1.70914791702725,0.510218668035372,1.18469105984734,0.736089942143603
"26",1.70190118890934,0.508055358510726,1.17966801068413,0.732968946220489
"27",1.69125391208234,0.504876909561543,1.17228788077085,0.728383413683784
"28",1.78307894818097,0.532288725205932,1.23593614564743,0.767930304175706
"29",1.7600335904609,0.525409173352523,1.21996232091877,0.758005208833255
"30",1.73652410348343,0.518391068592638,1.20366678630393,0.747880223899729
"31",1.71280259950847,0.511309672043326,1.18722429270504,0.737663928215469
"32",1.68905821526192,0.504221445224042,1.17076593971041,0.727437778534592
"33",1.75080723590509,0.522654901305389,1.21356709927156,0.754031634209596
"34",1.79532499969562,0.535944443959264,1.2444244617278,0.773204391492023
"35",1.77257609859947,0.529153391001876,1.22865612507217,0.763406973067985
"36",1.7499135605211,0.522388119326175,1.21294765069882,0.753646749171185
"37",1.72742767632282,0.515675582762809,1.19736162346438,0.743962605959431
"38",1.7051873427473,0.509036348521868,1.1819457989518,0.734384215644724
"39",1.74088847867891,0.519693931660755,1.20669194066558,0.749759857987058
"40",1.7195666470247,0.513328890672607,1.19191277317009,0.740577044918403
"41",1.69851766905409,0.507045302577815,1.17732273343609,0.731511743535057
"42",1.67777526284682,0.500853232973139,1.1629451930555,0.722578475423552
"43",1.65736453133547,0.494760175642289,1.14879755205524,0.713788051828482
"44",1.68747042980656,0.503747455950153,1.16966537069869,0.726753956559717
"45",1.66794387551074,0.497918345183975,1.1561305946425,0.71834432736456
"46",1.7846206363837,0.478538764927289,1.23700476247846,0.69038550303373
"47",1.89692150610987,0.468357521655967,1.31484579370358,0.675697073856109
"48",1.91698948683413,0.473312386517998,1.32875585796213,0.682845432820835
"49",1.96575296635015,0.485352285027178,1.36255612630295,0.700215334692836
"50",2.02854540228238,0.500855989095711,1.40608052622987,0.722582451667919
"51",2.06451278682183,0.509736480475603,1.4310112174155,0.735394292542346
"52",2.09248787879342,0.516643642791868,1.45040207354152,0.745359221362637
"53",2.11434461906471,0.522040159554405,1.46555201143679,0.753144749334023
"54",2.13134206584531,0.526236897280768,1.47733374374948,0.759199362039758
"55",2.14438435128115,0.529457089821043,1.4863739671274,0.763845117848321
"56",2.15415071060419,0.531868443075991,1.4931434915565,0.767323965231066
"57",2.244917508475,0.518686080529701,1.5560582415891,0.748305836158334
"58",2.29786378327657,0.530919267562988,1.59275780268896,0.765954594425523
"59",2.38390349235816,0.521272895637351,1.65239598445507,0.752037821485836
"60",2.43354991104615,0.532128759773827,1.68680825959354,0.767699522840095
"61",2.4693675512287,0.539960773558237,1.71163515590039,0.778998730287038
"62",2.49636856443787,0.545864912037756,1.73035083207859,0.78751660159216
"63",2.51700057433748,0.550376381389456,1.74465185156979,0.794025276052981
"64",2.49757891457352,0.546129571543464,1.73118978286261,0.78789842454857
"65",2.54341931933808,0.556153199012197,1.76296393018089,0.802359462189429
"66",2.57658241203574,0.563404759913977,1.78595083438292,0.812821253141131
"67",2.60164921689841,0.568885957452814,1.80332581949912,0.820728949648544
"68",2.58263107927705,0.564727383207131,1.79014345102738,0.814729395207129
"69",2.56370300730464,0.560588503039574,1.77702351130627,0.808758253314561
"70",2.63583360593313,0.549988013042665,1.82702063237771,0.793464978965027
"71",2.65463574290576,0.553911231083157,1.84005328060879,0.799124986176371
"72",2.72403853946603,0.545800536479826,1.88815963336751,0.787423727293981
"73",2.70463583166688,0.541912923227478,1.8747107011613,0.781815086933924
"74",2.6853575830802,0.538050247179191,1.86134803750731,0.7762424233545
"75",2.66621746039754,0.53421524665437,1.84808111543425,0.770709687115535
"76",2.64722707229413,0.530410247619066,1.83491798146264,0.765220233876714
"77",2.65175215421958,0.531316913257876,1.83805452924107,0.766528275897569
"78",2.65452947371879,0.531873389405581,1.83997962042145,0.767331101276236
"79",2.65579200910835,0.532126356638959,1.84085474326708,0.767696055849339
"80",2.65573311921527,0.532114557196783,1.84081392390373,0.767679032852625
"81",2.6545154041254,0.531870570358967,1.83996986812247,0.767327034251667
"82",2.65227709811576,0.531422093363077,1.83841839262265,0.766680018713743
"83",2.64913680520161,0.530792890239696,1.83624170744308,0.765772270487929
"84",2.64519708612516,0.53000351051751,1.83351090227304,0.764633436277353
"85",2.64054722780124,0.529071844121831,1.83028786608581,0.763289325788544
"86",2.63526541722501,0.528013556948459,1.82662679397665,0.761762540131685
"87",2.62942047272654,0.526842437745577,1.822575387177,0.760072972265397
"88",2.61543068908176,0.52403938216911,1.81287840808697,0.756029017885891
"89",2.60145042713265,0.521238234402145,1.80318802893346,0.751987815893694
"90",2.58749170239368,0.518441401926862,1.79351257823643,0.747952839551406
"91",2.58236845384547,0.517414884950094,1.78996141294993,0.746471888599634
"92",2.64127136741212,0.510685900074865,1.83078980141542,0.736764015489925
"93",2.62740964863932,0.508005757316566,1.82118159013034,0.732897386823652
"94",2.62179491848336,0.506920157571402,1.81728975575313,0.731331197454913
"95",2.67889904301706,0.501797478166948,1.85687131867201,0.723940733282043
"96",2.71390990291943,0.508355530906285,1.88113899750232,0.733402003446973
"97",2.74048615159347,0.5133336560053,1.89956024934059,0.740583919840248
"98",2.76666936777041,0.518238160294903,1.91770907181163,0.747659623856876
"99",2.76002569719978,0.516993702372233,1.91310403028702,0.745864250583245
"100",2.75303115113306,0.515683520270988,1.90825578040158,0.743974057363118
"101",2.74572092824704,0.514314207224792,1.90318872001887,0.741998556221946
"102",2.73812678888972,0.512891712417352,1.89792486373457,0.739946330017563
"103",2.7302774599439,0.511421416819397,1.89248412350649,0.737825141849751
"104",2.72219898129959,0.509908198088102,1.88688454881097,0.735642028690331
"105",2.7742564563525,0.505066661826141,1.92296804087096,0.728657168334916
"106",2.82545447741837,0.501282479479818,1.95845580482302,0.723197747230056
"107",2.81324560831451,0.499116423638202,1.94999326162585,0.720072789209069
"108",2.80102769028015,0.496948762366257,1.94152444618802,0.716945515041707
"109",2.80617017307936,0.497861124093857,1.94508894364138,0.718261774781612
"110",2.79413925536542,0.495726639779823,1.9367497469484,0.7151823648469
"111",2.79829867016558,0.496464588941941,1.93963283358992,0.716247000443516
"112",2.8014169375512,0.497017821287122,1.94179425183649,0.717045146004367
"113",2.80360372857858,0.497405794279456,1.94331001987159,0.717604872716407
"114",2.80495308900835,0.497645193196464,1.94424532524905,0.717950252346769
"115",2.80554646363102,0.497750467694598,1.94465662119577,0.718102131343158
"116",2.80545498083916,0.49773423713024,1.94459321015652,0.718078715588449
"117",2.80474121248269,0.497607602787213,1.94409846363266,0.717896020849757
"118",2.80346055277766,0.497380392518054,1.94321077796886,0.717568225721202
"119",2.8502041721053,0.493902746478745,1.97561098591498,0.712551043026324
"120",2.84813098466432,0.493543490471373,1.97417396188549,0.712032746166079
"121",2.84559200694853,0.493103519160073,1.97241407664029,0.711398001737133
"122",2.84262637470546,0.492589614253108,1.97035845701243,0.710656593676366
"123",2.85594393673703,0.494897371896635,1.97958948758654,0.713985984184256
"124",2.86717707159264,0.49684392583514,1.98737570334056,0.716794267898161
"125",2.85731774901028,0.495135435422591,1.98054174169036,0.714329437252569
"126",2.85420531674218,0.494596092009761,1.97838436803904,0.713551329185544
"127",2.86382050655082,0.496262277436364,1.98504910974546,0.715955126637706
"128",2.89186668255496,0.501122309392052,2.00448923756821,0.722966670638739
"129",2.91366582783008,0.504899813413571,2.01959925365428,0.728416456957521
"130",2.92145904572767,0.506250275166871,2.02500110066749,0.730364761431918
"131",2.92798277466982,0.507380751247618,2.02952300499047,0.731995693667455
"132",2.93338848365379,0.50831748923291,2.03326995693164,0.733347120913448
"133",2.960268953883,0.512975519770786,2.05190207908314,0.740067238470751
"134",2.9508686743237,0.511346575452534,2.04538630181013,0.737717168580925
"135",2.95524715732158,0.512105308738811,2.04842123495525,0.738811789330395
"136",2.97238637528723,0.515075308891284,2.06030123556514,0.743096593821807
"137",2.98667177204061,0.517550779511981,2.07020311804792,0.746667943010152
"138",2.9987056600232,0.519636093393558,2.07854437357423,0.749676415005801
"139",2.99342858008614,0.518721645123567,2.07488658049427,0.748357145021535
"140",2.98794466989577,0.517771355901842,2.07108542360737,0.746986167473942
"141",3.00461435629573,0.520659992434081,2.08263996973632,0.751153589073933
"142",3.01853537392128,0.523072320963499,2.092289283854,0.75463384348032
"143",3.01286950880703,0.522090501356155,2.08836200542462,0.753217377201757
"144",3.00702843400165,0.521078320222958,2.08431328089183,0.751757108500412
"145",3.00102541091521,0.520038075591157,2.08015230236463,0.750256352728802
"146",2.99487273346607,0.518971897834466,2.07588759133786,0.748718183366517
"147",3.00673958470553,0.521028266454154,2.08411306581662,0.751684896176382
"148",3.0168688368122,0.522783532088885,2.09113412835554,0.754217209203051
"149",3.01064738812818,0.521705437185303,2.08682174874121,0.752661847032045
"150",3.00429819073757,0.520605205117774,2.08242082047109,0.751074547684394
"151",2.9978309997938,0.519484526325569,2.07793810530228,0.749457749948451
"152",2.99125490761716,0.518344976387733,2.07337990555093,0.747813726904289
"153",3.01059519706161,0.521696393162642,2.08678557265057,0.752648799265403
"154",3.03467861334585,0.525869731186561,2.10347892474624,0.758669653336464
"155",3.04326038721661,0.52735683927724,2.10942735710896,0.760815096804153
"156",3.0358616491257,0.526074735665386,2.10429894266155,0.758965412281425
"157",3.02839721951285,0.524781248580228,2.09912499432091,0.757099304878214
"158",3.02087306311866,0.523477411632546,2.09390964653018,0.755218265779664
"159",3.01329476854957,0.522164193254041,2.08865677301617,0.753323692137392
"160",3.0056675752533,0.520842501371818,2.08337000548727,0.751416893813325
"161",2.99799639816759,0.519513187679683,2.07805275071873,0.749499099541896
"162",2.99028585028275,0.518177051547946,2.07270820619179,0.747571462570687
"163",2.98254026332931,0.516834843608307,2.06733937443323,0.745635065832328
"164",2.97476370677677,0.515487269046093,2.06194907618437,0.743690926694193
"165",2.96696000530795,0.514134990628332,2.05653996251333,0.741740001326988
"166",2.95913275491459,0.512778631492908,2.05111452597163,0.739783188728648
"167",2.95128533774352,0.511418777721207,2.04567511088483,0.73782133443588
"168",2.94342093580853,0.510055980714199,2.0402239228568,0.735855233952132
"169",2.9355425436706,0.508690759389761,2.03476303755904,0.733885635917649
"170",2.93077517169672,0.507864636779168,2.03145854711667,0.732693792924181
"171",2.92589647746235,0.507019223490826,2.0280768939633,0.731474119365587
"172",2.92091353027387,0.506155744542182,2.02462297816873,0.730228382568467
"173",2.95547076418665,0.501185284609627,2.04857622742332,0.723057524672832
"174",2.95026830893139,0.500303058316146,2.04497016023115,0.721784741174286
"175",2.97286150771066,0.504134386609982,2.06063057226483,0.727312179503821
"176",3.00667244934077,0.499785135321851,2.08406653112782,0.721037536238855
"177",3.00121389914011,0.498877785985778,2.08028295244628,0.719728507851348
"178",2.99567376816573,0.49795687585826,2.07644282628146,0.718399915377272
"179",2.9900574561678,0.497023302514575,2.07254989545495,0.717053053744032
"180",2.98276876661889,0.495811737652124,2.06749776084415,0.71530513512526
"181",2.98755542281467,0.496607401182108,2.07081561809056,0.716453034954183
"182",2.98030756440439,0.495402623489357,2.06579178546838,0.714714908151478
"183",2.97304407253455,0.494195247119552,2.06075711655778,0.712973032250274
"184",2.9773290410827,0.49490751745221,2.06372723042572,0.714000621126971
"185",2.99221973656961,0.49738272829887,2.07404867401905,0.717571595540602
"186",2.98500302494533,0.496183127991058,2.06904643070376,0.715840938125473
"187",2.98498039385734,0.496179366130874,2.06903074402893,0.715835510908441
"188",2.98467793402834,0.496129089644454,2.06882109485122,0.71576297727081
"189",2.99350903316016,0.497597042056632,2.07494234631569,0.71788078493612
"190",2.9972509114877,0.4982190370354,2.07753601872843,0.718778134007446
"191",2.99670600920512,0.4981284604709,2.07715832124757,0.718647459647021
"192",2.99591598133076,0.497997137822774,2.0766107156539,0.718458001113814
"193",2.99489516228443,0.497827451834757,2.07590313781007,0.718213195980393
"194",2.99821056034723,0.498378554988619,2.07820119662974,0.719008269767489
"195",3.00106522184187,0.498853072052063,2.0801798971962,0.719692853181736
"196",3.00349328774097,0.499256678119699,2.08186290422837,0.720275133653988
"197",3.01594524949213,0.501326509634001,2.09049394640863,0.723261269315147
"198",3.01794099064628,0.501658252376052,2.09187728876276,0.723739872923954
"199",3.016804376056,0.501469318234943,2.09108944756412,0.723467298575521
"200",3.01037919270024,0.500401289978779,2.0866358498365,0.721926459506825
"201",3.00393427979641,0.499329982171876,2.08216857662825,0.72038088904654
"202",2.99747171282911,0.498255739812358,2.07768906655569,0.718831084921751
"203",2.99099346500515,0.497178890897188,2.07319868734154,0.717277520332048
"204",2.98995016056263,0.497005467266654,2.07247552380874,0.717027322920304
"205",3.00083983646038,0.498815607291505,2.08002367195448,0.719638802957472
"206",2.99959321717371,0.498608387582881,2.07915958131069,0.719339848111465
"207",2.99816690943559,0.498371299101205,2.0781709401234,0.718997801734699
"208",2.99657038167884,0.498105915739899,2.07706431141012,0.718614934475409
"209",2.99481249766742,0.497813710881097,2.07584583906386,0.71819337197469
"210",2.99684046700508,0.49815081076375,2.07725152029252,0.718679704303679
"211",2.99853835108779,0.4984330421143,2.07842840385737,0.719086878073501
"212",2.99992698627535,0.498663868463636,2.07939093242246,0.719419890102994
"213",3.00102534091977,0.498846442832424,2.08015225384749,0.719683289239438
"214",3.00185075111596,0.498983646918852,2.08072438459778,0.719881232894517
"215",2.99599827640157,0.498010817348494,2.07666775825021,0.718477736497732
"216",3.02479608707826,0.493565126262575,2.09662887952705,0.712063960014752
"217",3.01884948463218,0.492594801155481,2.09250700880764,0.710664076794697
"218",3.01942442823333,0.492688616441843,2.09290552934376,0.710799423643092
"219",3.01351634062726,0.491724575917684,2.08881035507711,0.709408607159672
"220",3.00759261015989,0.490757982900535,2.08470433800526,0.708014108207272
"221",3.00165479592469,0.48978909179239,2.08058855880944,0.706616293810391
"222",3.00215545622721,0.489870786048238,2.08093559008655,0.706734153708172
"223",3.00243100289949,0.489915747832166,2.08112658448555,0.706799019850874
"224",3.0024935548744,0.489925954627106,2.0811699422106,0.706813745143317
"225",3.01188025957853,0.491457611624506,2.08767631011101,0.709023459097809
"226",3.01172858927748,0.491432863122746,2.08757118026947,0.70898775455705
"227",3.0393743808382,0.487452298254636,2.10673378274413,0.703245013361891
"228",3.0579941461614,0.490438520503852,2.11964002058059,0.707553221391828
"229",3.06538492447448,0.491623847292586,2.12476291773044,0.709263286471767
"230",3.07203734099968,0.492690756240889,2.1293740214888,0.710802510720563
"231",3.07803099337303,0.493652013150451,2.13352850473264,0.712189311297009
"232",3.08343135550673,0.494518118672061,2.13727175051962,0.713438837437922
"233",3.08025752060671,0.49400910170921,2.13507181580711,0.71270448118989
"234",3.08513888106621,0.494791970180299,2.1384553170469,0.713833921650797
"235",3.07951546005908,0.493890090664811,2.13455745863071,0.712532784546324
"236",3.07913824129586,0.493829592637903,2.13429599050853,0.712445504342919
"237",3.07355144170632,0.492933586434463,2.13042351612469,0.711152840636611
"238",3.07305131995126,0.492853377329441,2.13007685814023,0.711037123358561
