"","Entropy","evenness_log2","entropy","evenness","Node"
"1",0,1,0,1,1
"2",0,1,0,1,2
"3",1,0.693147180559945,0.693147180559945,1,3
"4",0.918295834054489,0.636514168294813,0.636514168294813,0.918295834054489,4
"5",0.811278124459133,0.562335144618808,0.562335144618808,0.811278124459133,5
"6",1.37095059445467,0.599553957144641,0.950270539233235,0.864973520717927,6
"7",1.45914791702725,0.638125043492931,1.01140426470735,0.920619835714305,7
"8",1.44881563572518,0.633606456049999,1.00424247305408,0.914100892018565,8
"9",1.81127812445913,0.627741162589377,1.25548232517875,0.905639062229566,9
"10",1.89106111207265,0.655391839049857,1.31078367809971,0.945530556036326,10
"11",1.84643934467102,0.639927112916834,1.27985422583367,0.923219672335508,11
"12",1.78992907531,0.620342145976698,1.2406842919534,0.894964537655,12
"13",1.82501121082418,0.632500687636535,1.26500137527307,0.912505605412088,13
"14",1.92202314285157,0.666122461219266,1.33224492243853,0.961011571425787,14
"15",1.95919042341995,0.67900365908679,1.35800731817358,0.979595211709973,15
"16",1.9655962303576,0.681223742595814,1.36244748519163,0.982798115178801,16
"17",1.97721700146248,0.685251194959455,1.37050238991891,0.988608500731241,17
"18",1.97133528530698,0.683212747474435,1.36642549494887,0.98566764265349,18
"19",1.95468594694636,0.677442526503007,1.35488505300601,0.977342973473178,19
"20",1.93129528023287,0.669335939161073,1.33867187832215,0.965647640116437,20
"21",1.90370169605735,0.659772731624668,1.31954546324934,0.951850848028674,21
"22",2.08924466198827,0.623686000503533,1.44815404695709,0.899788699998318,22
"23",2.17013489242819,0.647833533447268,1.50422288212136,0.934626226025948,23
"24",2.33379987011787,0.625798942735947,1.61766679996337,0.902837031278707,24
"25",2.29771862615528,0.616123903923279,1.5926571874396,0.888878900763263,25
"26",2.26050383275577,0.606144908439672,1.56686185831961,0.87448225346601,26
"27",2.22281372654069,0.596038459757844,1.54073706746162,0.859901730071737,27
"28",2.26699256572739,0.607884835793912,1.5713595052843,0.876992438031478,28
"29",2.2924165012858,0.614702160705252,1.58898203453535,0.886827758873197,29
"30",2.42976458886514,0.599918614124455,1.68418447419627,0.865499609534331,30
"31",2.45144431962695,0.605271426529747,1.69921171844911,0.873222085446255,31
"32",2.51344184975955,0.620578865170814,1.74218513166221,0.895306051262433,32
"33",2.52271785144113,0.622869147159007,1.74861476607466,0.898610229729038,33
"34",2.52399523197136,0.623184537530947,1.74950017878769,0.899065241854579,34
"35",2.51937834907827,0.622044610642766,1.74629999942737,0.897420674986024,35
"36",2.555861295916,0.631052396420189,1.77158805116646,0.910416162856503,36
"37",2.6679872171086,0.616435939102933,1.8493078173088,0.889329072369532,37
"38",2.65760807423407,0.614037847896231,1.84211354368869,0.885869358078023,38
"39",2.64404328200697,0.610903715400532,1.8327111462016,0.88134776066899,39
"40",2.62802896936265,0.607203623514528,1.82161087054358,0.876009656454218,40
"41",2.60684412153417,0.602308884333559,1.80692665300068,0.868948040511389,41
"42",2.6599091037857,0.614569498611596,1.84370849583479,0.886636367928566,42
"43",2.63780491655714,0.609462346926248,1.82838704077874,0.879268305519046,43
"44",2.61494433995139,0.604180432186165,1.81254129655849,0.871648113317131,44
"45",2.62336542854251,0.606126116790892,1.81837835037268,0.874455142847505,45
"46",2.60102415434097,0.600964186383253,1.80289255914976,0.867008051446989,46
"47",2.57825883746214,0.595704281313549,1.78711284394065,0.859419612487381,47
"48",2.59515089572443,0.599607175499668,1.798821526499,0.865050298574809,48
"49",2.60592669947759,0.602096914829593,1.80629074448878,0.868642233159198,49
"50",2.611946009222,0.60348767068901,1.81046301206703,0.870648669740666,50
"51",2.61417732066744,0.604003213101464,1.81200963930439,0.871392440222481,51
"52",2.63137467668128,0.607976646046156,1.82392993813847,0.877124892227094,52
"53",2.64286820930088,0.610632215956139,1.83189664786842,0.880956069766961,53
"54",2.64989351286948,0.612255405743189,1.83676621722957,0.883297837623159,54
"55",2.6533329937308,0.613050094563728,1.83915028369118,0.8844443312436,55
"56",2.65384574137294,0.613168564424556,1.83950569327367,0.884615247124312,56
"57",2.65194020055336,0.612728291009046,1.83818487302714,0.88398006685112,57
"58",2.64801823766695,0.611822125170053,1.83546637551016,0.882672745888982,58
"59",2.72802080098319,0.596518821691369,1.89091992671038,0.860594745851066,59
"60",2.72156688895476,0.595107586118271,1.88644641578429,0.858558763288232,60
"61",2.71372959908855,0.593393856180963,1.8810140204103,0.856086373606254,61
"62",2.70472238077321,0.59142430548903,1.87477069243033,0.853244912590222,62
"63",2.69171597707355,0.588580278564247,1.86575534037669,0.849141849049684,63
"64",2.67814401254544,0.585612584078404,1.85634797142937,0.844860370932084,64
"65",2.66410101375627,0.582541891550067,1.84661410641205,0.840430298049357,65
"66",2.67407174272576,0.584722126940552,1.85352528908538,0.843575712835182,66
"67",2.66652086791912,0.583071025548372,1.84829142150239,0.841193677044679,67
"68",2.73863195769663,0.57143772106035,1.89827502006879,0.824410366350658,68
"69",2.72957643447286,0.569548212855548,1.89199820967773,0.821684382233871,69
"70",2.71628945963052,0.566775778026416,1.88278838052759,0.817684604254694,70
"71",2.70712468688149,0.564863474024038,1.87643584413613,0.814925732753791,71
"72",2.70769712005989,0.564982916839275,1.8768326245798,0.815098052311004,72
"73",2.70671177693921,0.564777317023,1.87614963677381,0.814801434475656,73
"74",2.74665535115093,0.573111867035974,1.90383641262015,0.826825648447414,74
"75",2.76896059992543,0.577766037703766,1.91929723291989,0.833540197389288,75
"76",2.83419916166841,0.567872811091917,1.96451715805582,0.819267288417983,76
"77",2.82466111361772,0.565961725155496,1.95790588694144,0.816510174214797,77
"78",2.81457590282175,0.563941007245966,1.95091535151286,0.813594894507682,78
"79",2.80401557452184,0.561825092669874,1.94359548972599,0.810542275041809,79
"80",2.7930432514789,0.559626628985713,1.93599005494458,0.807370562387096,80
"81",2.78171444525205,0.557356738737574,1.92813752484933,0.804095802982744,81
"82",2.77007813436468,0.555025235481303,1.92007184876563,0.800732154797105,82
"83",2.75817765854355,0.552640802958255,1.91182306750289,0.797292145820769,83
"84",2.74605146622436,0.550211144868849,1.90341783148592,0.793786890144127,84
"85",2.73373374382075,0.547743110955709,1.89487983693094,0.790226269856895,85
"86",2.72125494885278,0.545242803823684,1.88623019538211,0.786619089156823,86
"87",2.73044993534379,0.547085152412738,1.89260367434363,0.78927703632984,87
"88",2.71806936108995,0.544604525221979,1.88402211420587,0.785698247783438,88
"89",2.71908825441918,0.544808675243227,1.88472835724432,0.785992774006689,89
"90",2.70690503667111,0.542367591284021,1.87628359421209,0.782471034284349,90
"91",2.69461980630926,0.539906067621589,1.86776812142425,0.778919806303528,91
"92",2.68225218024733,0.53742803478843,1.8591955362892,0.77534476062397,92
"93",2.66981980134417,0.534937027786601,1.85057806790483,0.771750997175611,93
"94",2.65733855118964,0.532436228722423,1.84192672455035,0.768143106767461,94
"95",2.64482273640005,0.529928504133483,1.83325142281654,0.764525224939082,95
"96",2.63228525226089,0.527416437776814,1.82456110103416,0.760901079263932,96
"97",2.61973772691382,0.52490235951885,1.81586381921683,0.75727403102876,97
"98",2.62887260199656,0.526732663917485,1.8221956321252,0.759914602107988,98
"99",2.61651211171895,0.524256060841967,1.81362799313894,0.756341619132688,99
"100",2.62417143108238,0.525790716301888,1.81893702876071,0.75855565895419,100
"101",2.6303781841061,0.527034329077943,1.82323922211953,0.76034981293899,101
"102",2.63530452462797,0.528021392682501,1.82665390116274,0.761773844706328,102
"103",2.62355206988236,0.525666618323705,1.81850772029117,0.75837662341648,103
"104",2.62755644873398,0.52646895356743,1.82128334420206,0.759534148493733,104
"105",2.61601009213106,0.52415547395363,1.81328001967701,0.756196502927707,105
"106",2.61347613589803,0.523647759157614,1.81152361505842,0.755464025309308,106
"107",2.6317843643737,0.527316077641088,1.82421391200738,0.760756290193817,107
"108",2.68361254191435,0.518872503343913,1.86013846714324,0.748574787427906,108
"109",2.68026476798057,0.518225216220857,1.85781796707989,0.747640949505441,109
"110",2.66904953072536,0.516056766737441,1.85004415699713,0.744512538189299,110
"111",2.66554042324365,0.515378286012261,1.8476118290399,0.743533697411743,111
"112",2.66885393388269,0.516018948378114,1.8499085795971,0.744457977829843,112
"113",2.65807025332787,0.513933939742423,1.84243390182447,0.741449946210921,113
"114",2.66162024143552,0.514620324675974,1.84489456607231,0.742440190350695,114
"115",2.65100549628694,0.512567979450433,1.83753698540021,0.739479282071615,115
"116",2.64038667934828,0.510514846950319,1.83017658237829,0.736517237995414,116
"117",2.62976983563273,0.508462095969967,1.82281754709042,0.73355574433588,117
"118",2.63298963815842,0.509084640011138,1.82504934413306,0.734453885536812,118
"119",2.62254743375576,0.507065655282824,1.81781135959252,0.731541106281643,119
"120",2.63245971579115,0.508982180307664,1.82468202993827,0.734306067430719,120
"121",2.6221316931228,0.50698527244827,1.81752319014495,0.731425138364859,121
"122",2.6307555989756,0.50865269184975,1.82350082617223,0.733830716066456,122
"123",2.62055004014973,0.506679462192601,1.81642687184604,0.730983947425553,123
"124",2.6242767792439,0.507400021667153,1.81901005054185,0.732023495006154,124
