"","Entropy","evenness_log2","entropy","evenness","Node"
"1",0,1,0,1,1
"2",0,1,0,1,2
"3",1,0.693147180559945,0.693147180559945,1,3
"4",0.918295834054489,0.636514168294813,0.636514168294813,0.918295834054489,4
"5",1,0.693147180559945,0.693147180559945,1,5
"6",0.970950594454669,0.673011667009257,0.673011667009257,0.970950594454669,6
"7",0.918295834054489,0.636514168294813,0.636514168294813,0.918295834054489,7
"8",0.985228136034252,0.682908104700472,0.682908104700472,0.985228136034252,8
"9",1,0.693147180559945,0.693147180559945,1,9
"10",0.991076059838222,0.686961576597323,0.686961576597323,0.991076059838222,10
"11",0.970950594454669,0.673011667009257,0.673011667009257,0.970950594454669,11
"12",0.994030211476957,0.689009238476659,0.689009238476659,0.994030211476957,12
"13",1,0.693147180559945,0.693147180559945,1,13
"14",0.995727452084926,0.690185676018804,0.690185676018804,0.995727452084926,14
"15",1,0.693147180559945,0.693147180559945,1,15
"16",0.996791631981637,0.690923309313818,0.690923309313818,0.996791631981637,16
"17",0.988699408288497,0.685314207276458,0.685314207276458,0.988699408288497,17
"18",0.977417817528172,0.677494404448707,0.677494404448707,0.977417817528172,18
"19",1.23266025681582,0.539075833788766,0.854414981600184,0.777722032070135,19
"20",1.46525565011323,0.507818911337756,1.01563782267551,0.732627825056613,20
"21",1.57838982472352,0.547028228415807,1.09405645683161,0.78919491236176,21
"22",1.77942383214653,0.5311975917727,1.23340261227354,0.766356131382634,22
"23",1.87439682757926,0.559549143295109,1.29923287628707,0.807258774165522,23
"24",1.84072577086512,0.549497583955581,1.27589387825919,0.792757439353184,24
"25",1.80700273142711,0.539430506616779,1.25251884855282,0.778233716800248,25
"26",1.8668193111659,0.557287086106892,1.2939805421495,0.803995315477873,26
"27",2.03021195024799,0.544393076828353,1.4072356892535,0.78539319223455,27
"28",2.02250092768875,0.542325397492703,1.40189081570733,0.782410161510858,28
"29",2.05665670746282,0.5514841309148,1.42556579815756,0.795623420799742,29
"30",2.07766408191755,0.557117172929993,1.44012700053182,0.80375018258018,30
"31",2.21925091283883,0.54794194389282,1.53826751318932,0.79051312514923,31
"32",2.2274438906133,0.549964822938196,1.54394645263408,0.793431522716313,32
"33",2.22903017302947,0.550356482423678,1.54504597981842,0.793996567913734,33
"34",2.22561987667197,0.549514466586458,1.54268214251335,0.792781795841027,34
"35",2.29277019393699,0.566094149019998,1.5892271955993,0.81670122146741,35
"36",2.28502944489826,0.564182927061756,1.58386171722769,0.813943911026215,36
"37",2.27440191928877,0.561558948399611,1.57649527781514,0.81015831002294,37
"38",2.39218766407415,0.552712711574427,1.65813813472328,0.797395888024718,38
"39",2.37757757097874,0.549337063295492,1.64801118988648,0.792525856992913,39
"40",2.41801285178975,0.558679596925258,1.67603879077578,0.806004283929915,40
"41",2.39906930381216,0.554302707968437,1.66290812390531,0.799689767937388,41
"42",2.38486532543146,0.551020892112664,1.65306267633799,0.794955108477154,42
"43",2.36666488897819,0.54681569837515,1.64044709512545,0.788888296326065,43
"44",2.36564309347873,0.546579613485297,1.63973884045589,0.788547697826245,44
"45",2.39461698385454,0.553274003626579,1.65982201087974,0.798205661284848,45
"46",2.41493122066572,0.55796758895021,1.67390276685063,0.80497707355524,46
"47",2.42874415312727,0.561159054013874,1.68347716204162,0.809581384375757,47
"48",2.43749675838308,0.563181335232412,1.68954400569724,0.812498919461025,48
"49",2.4223850338427,0.559689785479559,1.67906935643868,0.807461677947568,49
"50",2.40653924256341,0.556028630296566,1.6680858908897,0.802179747521138,50
"51",2.41287868934203,0.557493353516868,1.6724800605506,0.804292896447344,51
"52",2.41599004717511,0.558212229820106,1.67463668946032,0.805330015725038,52
"53",2.41643671870824,0.558315432858047,1.67494629857414,0.80547890623608,53
"54",2.4146634200982,0.557905713880767,1.6737171416423,0.8048878066994,54
"55",2.41102777938035,0.557065702509731,1.67119710752919,0.803675926460116,55
"56",2.46193380388305,0.568827491628919,1.70648247488676,0.82064460129435,56
"57",2.49801005540668,0.57716287563851,1.73148862691553,0.832670018468892,57
"58",2.49237284118874,0.575860402591384,1.72758120777415,0.830790947062912,58
"59",2.57505894582357,0.563071633322916,1.78489484807327,0.81234065306022,59
"60",2.65536374665621,0.554063134957246,1.84055789435584,0.799344137142211,60
"61",2.73339928128131,0.547676096546473,1.89464800516472,0.790129588501022,61
"62",2.77648358576563,0.556308660352275,1.92451176934442,0.80258374549381,62
"63",2.80638394971275,0.562299630908248,1.94523712231208,0.811226889005024,63
"64",2.79870003954791,0.560760048325451,1.93991104164564,0.809005740847784,64
"65",2.82038054395605,0.565104051086673,1.95493882214926,0.815272812089006,65
"66",2.8117078474933,0.563366350861982,1.94892736704825,0.812765840592294,66
"67",2.80363426583183,0.561748691956536,1.94333118668258,0.810432052111557,67
"68",2.87369888698378,0.555625416134861,1.99189628129106,0.80159803244963,68
"69",2.94201945400391,0.55108382922658,2.03925248969532,0.795045907539288,69
"70",2.97968169833241,0.558138525548718,2.06535796816518,0.805223682938213,70
"71",3.0057824764461,0.563027587967767,2.0834496489251,0.812277109044773,71
"72",3.01939953768275,0.565578265271716,2.0928882765288,0.815956958542088,72
"73",3.0830544693679,0.561284817597252,2.1370105129551,0.809762822873821,73
"74",3.10078632864448,0.564512987419939,2.14930130121875,0.81442008746816,74
"75",3.13513186823444,0.570765757234927,2.17310781515033,0.823440927472063,75
"76",3.15875631303778,0.575066700446936,2.18948303245807,0.829645876915173,76
"77",3.17076542418313,0.577253016590778,2.1978071139895,0.83280006437371,77
"78",3.17893649766004,0.578740599613273,2.20347087053216,0.834946193023174,78
"79",3.18404115778839,0.579669927413838,2.20700915130785,0.836286929632409,79
"80",3.24167742205355,0.575127332182506,2.24695956538125,0.829733350019401,80
"81",3.27310106034035,0.580702406720277,2.26874077166268,0.837776482407629,81
"82",3.26322589437744,0.578950388516222,2.26189582821793,0.835248854433093,82
"83",3.26125311772815,0.578600385223612,2.2605284036456,0.834743906418549,83
"84",3.26905577767385,0.579984706491352,2.26593679538783,0.836741059846515,84
"85",3.32330976498275,0.575885698431282,2.30354279372513,0.830827441245687,85
"86",3.31413172107669,0.574295264617146,2.29718105846858,0.828532930269172,86
"87",3.30424528556188,0.572582075891428,2.29032830356571,0.826061321390471,87
"88",3.29374185622443,0.57076197028356,2.28304788113424,0.823435464056107,88
"89",3.28270065986434,0.56884867675181,2.27539470700724,0.820675164966085,89
"90",3.2730458728397,0.567175629650551,2.2687025186022,0.818261468209926,90
"91",3.29414109438035,0.570831152984098,2.28332461193639,0.823535273595087,91
"92",3.28311274014479,0.568920084822949,2.27568033929179,0.820778185036196,92
"93",3.28891236524199,0.569925083269056,2.27970033307623,0.822228091310497,93
"94",3.29253216701579,0.57055234711748,2.28220938846992,0.823133041753946,94
"95",3.34250078890552,0.56681738472772,2.31684499784925,0.817744630036334,95
"96",3.35741991992657,0.569347353562981,2.3271861514529,0.821394603528567,96
"97",3.3463236513385,0.567465661279705,2.31949480416635,0.818679895403007,97
"98",3.33486713578155,0.565522878735677,2.311553752709,0.815877052661211,98
"99",3.32309491296207,0.563526558922345,2.30339386965275,0.812996971966489,99
"100",3.31104659349073,0.561483418960861,2.29504261098071,0.810049344076214,100
"101",3.32627813847337,0.564066366591293,2.305600313441,0.813775749813514,101
"102",3.33774172429069,0.566010348101825,2.31354626562938,0.816580322298339,102
"103",3.33160096284949,0.564969004939877,2.30928981414993,0.815077981682732,103
"104",3.32484077017642,0.563822619352198,2.30460400565854,0.813424096880442,104
"105",3.31752878836796,0.562582662006606,2.2995357260837,0.811635216567043,105
"106",3.32041635852911,0.563072332786159,2.30153723719957,0.812341662172372,106
"107",3.30953142873883,0.561226479089685,2.29399237880485,0.809678658198262,107
"108",3.31119415767894,0.561508442723762,2.29514489468172,0.810085445734856,108
"109",3.31161287689113,0.561579448639325,2.2954351287231,0.810187885617113,109
"110",3.32338340731042,0.563575481457407,2.30359383869692,0.813067552265211,110
"111",3.32273151163836,0.563464933749781,2.30314197904981,0.812908065635637,111
"112",3.31237616423701,0.561708886017059,2.29596419919485,0.810374624280075,112
"113",3.30180639650534,0.559916477134844,2.28863779449247,0.807788724874458,113
"114",3.30717055172979,0.560826124320474,2.29235594356238,0.809101068358125,114
"115",3.31096654556447,0.561469844526901,2.29498712598631,0.810029760307657,115
"116",3.30053522218632,0.55970091287666,2.28775668359724,0.807477731388182,116
"117",3.30190968337487,0.559933992401694,2.28870938749488,0.807813994063083,117
"118",3.30224442584873,0.559990757639931,2.28894141329684,0.807895888990782,118
"119",3.29201551015713,0.558256150049064,2.28185126922502,0.80539337922155,119
"120",3.2916226712631,0.558189532887665,2.28157897405321,0.805297270973161,120
"121",3.29041169122261,0.557984176305017,2.28073958665244,0.805001004049761,121
"122",3.28846771205451,0.557654518585359,2.279392122973,0.804525408492419,122
"123",3.28586438987844,0.557213050247538,2.27758763754657,0.803888504310735,123
"124",3.28266598567454,0.556670668593605,2.27537067269034,0.803106012988338,124
"125",3.27892897455249,0.556036950606782,2.27278037396737,0.802191751191426,125
"126",3.27470330567865,0.555320366608433,2.26985136350149,0.801157939010627,126
"127",3.27003340353762,0.554528450050838,2.26661443399894,0.800015444920187,127
"128",3.26495897420637,0.553667934244208,2.26309710761504,0.798773983033356,128
"129",3.25951566228498,0.552744863758247,2.25932409130382,0.797442273820869,129
"130",3.25373559180455,0.551764686148675,2.25531765174687,0.796028176444349,130
"131",3.24764781583761,0.550732328201644,2.2510979269995,0.794538798753744,131
"132",3.25171647046338,0.551422285906963,2.25391810348203,0.795534197313632,132
"133",3.27618536503495,0.55557169250524,2.27087864876573,0.801520525635598,133
"134",3.27905670296856,0.556058610642583,2.27286890855885,0.802223000017662,134
"135",3.28098602157357,0.556385782241055,2.27420621031031,0.802695008860296,135
"136",3.27488130551347,0.555350551612785,2.26997474358514,0.801201486766715,136
"137",3.27608566709796,0.555554785845384,2.2708095434218,0.801496134481266,137
"138",3.28600704489765,0.557237241519287,2.27768651847093,0.803923404938521,138
"139",3.27981099198169,0.556186522093545,2.27339174186163,0.802407537233637,139
"140",3.27338000776912,0.555095963292574,2.26893412328646,0.800834193459679,140
"141",3.26673327917455,0.55396881881097,2.26432696210118,0.799208067705704,141
"142",3.25988841389564,0.552808074541564,2.25958246303179,0.797533467704491,142
"143",3.25321201126502,0.551675897971544,2.2549547333721,0.795900082181512,143
"144",3.25424030221193,0.55185027435081,2.25566749034274,0.796151654119128,144
"145",3.25609580512159,0.552164928369771,2.25695362695309,0.796605603911878,145
"146",3.25722869799316,0.552357043021404,2.2577388884529,0.796882766767071,146
"147",3.26564396783048,0.553784094663933,2.26357190901429,0.798941567094841,147
"148",3.25915781896705,0.55268418110582,2.25907605321691,0.797354727259144,148
"149",3.25250064227404,0.551555264847871,2.25446164996166,0.795726045372222,149
"150",3.2456858531163,0.550399620852009,2.24973799807086,0.79405880351036,150
"151",3.23965744753529,0.549377330865766,2.24555942573911,0.792583950816856,151
"152",3.27566178274171,0.544497977395287,2.27051572917538,0.785544531762251,152
"153",3.26932518319472,0.543444674012418,2.26612353306505,0.784024936195235,153
"154",3.26253450846614,0.542315891830343,2.26141659602283,0.782396447738912,154
"155",3.26963669860235,0.543496455765429,2.26633945909155,0.784099641473512,155
"156",3.26334382424031,0.542450420616077,2.26197757096988,0.782590531750946,156
"157",3.25690224450912,0.541379666866913,2.25751260814085,0.781045760627015,157
"158",3.29178001004393,0.537129700486788,2.28168803298554,0.774914355206463,158
"159",3.29050246508498,0.536921239611801,2.28080250629921,0.7746136097359,159
"160",3.28391000313192,0.535845527655499,2.27623295988349,0.773061685431118,160
"161",3.27719141749486,0.534749235716209,2.27157599119181,0.771480070486939,161
"162",3.27838111160455,0.53494336170241,2.27240062430967,0.771760135084538,162
"163",3.2790172900822,0.53504716886878,2.27284158962779,0.771909897168669,163
"164",3.27236438777192,0.533961594676585,2.26823014914888,0.770343744665072,164
"165",3.26560219724497,0.532858187595525,2.26354295585071,0.768751864741145,165
"166",3.25873894520475,0.531738290001676,2.25878571204956,0.767136194036195,166
"167",3.25178232040387,0.530603156492056,2.25396374718262,0.76549854255112,167
"168",3.24473951596858,0.529453960790833,2.24908204714506,0.763840603611955,168
"169",3.26608457946677,0.532936899361659,2.26387731772771,0.768865421815806,169
"170",3.27226143220292,0.533944795104995,2.26815878578651,0.77031950800645,170
"171",3.29329421443538,0.537376777797171,2.28273759949026,0.775270812416869,171
"172",3.28616274246928,0.536213113946764,2.27779443980372,0.773592000350625,172
"173",3.28529446269302,0.536071434109492,2.27719259412487,0.773387599551998,173
"174",3.28406756748547,0.535871237907633,2.27634217517091,0.773098777484373,174
"175",3.28250772609106,0.535616713869445,2.27526097550626,0.772731576916691,175
"176",3.28063823573447,0.53531166347354,2.2739651435365,0.772291482223297,176
"177",3.31255517933545,0.531264804178898,2.29608828300561,0.766453098387742,177
"178",3.31027544643824,0.530899182540722,2.29450809257548,0.765925617863505,178
"179",3.30772931258335,0.530490835741771,2.29274324707264,0.765336497961695,179
"180",3.30493443089843,0.530042594975759,2.29080598271274,0.764689823231445,180
"181",3.30002814264543,0.529255728606185,2.28740520284315,0.763554615022218,181
