"","Entropy","evenness_log2","entropy","evenness","Node"
"1",0,1,0,1,1
"2",0,1,0,1,2
"3",1,0.693147180559945,0.693147180559945,1,3
"4",1.58496250072116,0.693147180559945,1.09861228866811,1,4
"5",1.5,0.655990769729155,1.03972077083992,0.946394630357186,5
"6",1.92192809488736,0.666089520105061,1.33217904021012,0.960964047443681,6
"7",1.91829583405449,0.664830674427379,1.32966134885476,0.959147917027245,7
"8",1.84237099317711,0.63851712973307,1.27703425946614,0.921185496588554,8
"9",1.75,0.606503782989952,1.2130075659799,0.875,9
"10",2.0588138903312,0.614601738323836,1.42706104338072,0.886682880001534,10
"11",2.12192809488736,0.633442732167579,1.47080847632211,0.913864688385322,11
"12",2.0403733936885,0.609096839923166,1.41427906512471,0.87874099037829,12
"13",2.0545851693378,0.613339371052254,1.42412991734677,0.884861668999043,13
"14",1.98777337148798,0.593394563368627,1.37781950803903,0.856087393862389,14
"15",2.07416474302258,0.61918430928529,1.43770144364294,0.893294132402147,15
"16",2.10558726169826,0.628564630008444,1.45948187386908,0.906827074591388,16
"17",2.10845859334435,0.62942178636885,1.46147212930402,0.908063689821813,17
"18",2.1162996057017,0.631762502957015,1.46690710491225,0.911440630035685,18
"19",2.1077352526221,0.629205853074743,1.46097074772182,0.907752163929241,19
"20",2.10429298959092,0.628178260997253,1.45858475280701,0.90626966193499,20
"21",2.09046857073283,0.624051364485914,1.44900239585264,0.90031580880382,21
"22",2.06989361643748,0.617909283001404,1.43474092429267,0.89145465830538,22
"23",2.04491273323895,0.610451933742792,1.41742549553571,0.880695977511804,23
"24",2.04445108611554,0.610314121808518,1.4171055061337,0.880497156917651,24
"25",2.02042604148638,0.603142111622587,1.40045261418617,0.870150133389204,25
"26",2.18190118890934,0.585067929198576,1.5123786573529,0.844074600037961,26
"27",2.25625221730899,0.605004855050527,1.56391486305985,0.872837504095141,27
"28",2.29919259387465,0.616519142372051,1.59367886400852,0.889449109313275,28
"29",2.43936340335053,0.602288599887562,1.69083786539353,0.868918776241743,29
"30",2.40992173789685,0.595019334701367,1.67043045799332,0.858431443406713,30
"31",2.37928441841426,0.587454857743925,1.64919428637406,0.847518210013292,31
"32",2.34793864846845,0.579715461528038,1.62746705431363,0.836352621473157,32
"33",2.31624519229214,0.571890220188512,1.60549882452282,0.825063184598863,33
"34",2.34362847255578,0.578651261822434,1.62447946803205,0.834817305835367,34
"35",2.3599655818702,0.582684959582133,1.63580348929184,0.840636701589729,35
"36",2.47971425068997,0.572935647153357,1.71880694146007,0.826571416896657,36
"37",2.51743071474541,0.58165000072693,1.74495000218079,0.839143571581805,37
"38",2.57459405965359,0.59485753784509,1.78457261353527,0.85819801988453,38
"39",2.60990957072643,0.603017153488481,1.80905146046544,0.869969856908811,39
"40",2.61502231237143,0.604198447640535,1.8125953429216,0.87167410412381,40
"41",2.61476494980691,0.604138984261875,1.81241695278562,0.871588316602302,41
"42",2.63726814361675,0.609338326042837,1.82801497812851,0.879089381205583,42
"43",2.63326614071563,0.608413667033669,1.82524100110101,0.877755380238543,43
"44",2.64743232863028,0.611686751437775,1.83506025431333,0.882477442876759,44
"45",2.7437544749762,0.59995920332915,1.90182567847849,0.865558167378658,45
"46",2.73587266668369,0.598235738832931,1.89636242528282,0.863071733696814,46
"47",2.72553858062306,0.595976050476476,1.88919938266623,0.859811692511002,47
"48",2.71323689154788,0.593286118981345,1.88067250156764,0.855930941682645,48
"49",2.69452927782385,0.589195445005803,1.86770537185982,0.850029346624238,49
"50",2.67509382933169,0.584945620067004,1.85423374553457,0.843898145260386,50
"51",2.65509967396944,0.58057362627828,1.84037485311754,0.837590691502597,51
"52",2.63468624213777,0.57610995199159,1.82622534039787,0.831150970745045,52
"53",2.64147041926424,0.577593404516647,1.8309277736455,0.83329114034634,53
"54",2.62153960048202,0.573235260131888,1.81711278280036,0.82700366705497,54
"55",2.60136605779738,0.568824040867267,1.80312954856659,0.820639622897627,55
"56",2.60987121450929,0.570683808966639,1.80902487396168,0.823322701111794,56
"57",2.61484808292471,0.571772068880863,1.81247457627184,0.824892728293243,57
"58",2.61693022461347,0.572227357457226,1.81391780691293,0.825549570864536,58
"59",2.61660747891524,0.572156784724223,1.81369409664216,0.825447755932611,59
"60",2.6412061605796,0.577535620764,1.83074460348331,0.833207776012952,60
"61",2.6593169803987,0.581495797641853,1.84329806717855,0.838921103555673,61
"62",2.67246600244028,0.584371010005266,1.85241227473379,0.843069158173872,62
"63",2.68167597341018,0.586384895320508,1.85879614014461,0.845974580531091,63
"64",2.75670435377682,0.575208672758017,1.91080185045773,0.829850699664313,64
"65",2.76180036815387,0.576271997398603,1.91433413845528,0.831384752850142,65
"66",2.76430471378026,0.576794549380612,1.91607001856535,0.832138636003193,66
"67",2.7489086558213,0.573582037290898,1.90539828439936,0.827503960742567,67
"68",2.74567362632202,0.57290702220556,1.90315593282291,0.826530119826424,68
"69",2.74108035412864,0.571948598790168,1.89997211915252,0.825147407117967,69
"70",2.7353177655137,0.570746188040425,1.89597779710135,0.823412695092201,70
"71",2.72854513519397,0.569333023914952,1.89128336749026,0.821373930216419,71
"72",2.71521534903741,0.566551656158646,1.88204386379837,0.817361264747507,72
"73",2.72269901187602,0.568113182973397,1.88723114359521,0.819614071739364,73
"74",2.70942591531235,0.565343643959423,1.87803093413481,0.815618471538355,74
"75",2.69589214455151,0.562519713164636,1.86865003908959,0.811544400584903,75
"76",2.68214261865952,0.559650763315681,1.85911959398352,0.807405380865256,76
"77",2.67690979694886,0.558558892717789,1.8554924783684,0.805830144568385,77
"78",2.67088764777471,0.557302322556803,1.85131824264742,0.804017297028602,78
"79",2.73560459380001,0.548117962819057,1.89617661131931,0.790767066781215,79
"80",2.72838838767634,0.546672091508286,1.89117471839035,0.788681115411402,80
"81",2.73260368969419,0.547516688260292,1.89409654309923,0.789899610957072,81
"82",2.7200567048289,0.545002718295673,1.88539963591533,0.786272718956172,82
"83",2.71297603056954,0.543584002754977,1.88049168651599,0.784225945081178,83
"84",2.71612742257443,0.544215429741786,1.88267606499902,0.78513690166373,84
"85",2.71784719740066,0.544560011512264,1.88386812207102,0.78563402807518,85
"86",2.77814977223464,0.537151136562885,1.92566668179769,0.774945280927145,86
"87",2.81399151130953,0.544081083635172,1.95051028218382,0.784943081201956,87
"88",2.82736150203665,0.546666151505408,1.95977765356044,0.788672545798707,88
"89",2.83787090373131,0.54869812873043,1.96706221571446,0.791604069264445,89
"90",2.83050554271869,0.547274047106514,1.96195693649476,0.789549553767801,90
"91",2.82268214038909,0.545761403873549,1.95653416722761,0.787367270876968,91
"92",2.81445160979958,0.544170042995582,1.95082919815498,0.78507142243006,92
"93",2.80585929143082,0.542508730987273,1.9448734569032,0.782674655834304,93
"94",2.79694569096172,0.540785299561548,1.93869501986941,0.780188269863098,94
"95",2.78774709741522,0.539006765147146,1.93231904068753,0.777622387083389,95
"96",2.77829610487866,0.537179429762496,1.92576811185732,0.774986099385914,96
"97",2.76862205577623,0.535308966721782,1.91906257199738,0.772287591632909,97
"98",2.75875141977567,0.533400493895985,1.91222076848325,0.769534247351461,98
"99",2.76652634424896,0.534903764007358,1.91760993546098,0.771703007686256,99
"100",2.75665466020103,0.532995088543159,1.91076740549578,0.76894937105939,100
"101",2.74662855939937,0.531056556828732,1.9038178419931,0.76615266096838,101
"102",2.73646761353127,0.529091953020776,1.8967748110128,0.763318336797331,102
"103",2.73926556630039,0.529632933037405,1.89871420408605,0.76409880598454,103
"104",2.72919750294574,0.527686287925617,1.89173555435808,0.761290390735394,104
"105",2.7190241658787,0.52571928829773,1.88468393445318,0.75845261012681,105
"106",2.70876029767592,0.523734784609068,1.87756956314678,0.755589576496552,106
"107",2.69841934994496,0.521735377707994,1.87040176438275,0.752705042075653,107
"108",2.70579340672426,0.523161140645497,1.87551307104861,0.754761983195071,108
"109",2.69554058101276,0.52117877200614,1.86840635381391,0.751902029789859,109
"110",2.6852307288079,0.519185377378901,1.86126010882612,0.749026169246606,110
"111",2.67487414131367,0.517182946552803,1.85408146940427,0.746137272224071,111
"112",2.66448024501695,0.515173302125099,1.84687696949117,0.743237968174272,112
"113",2.65405767895182,0.51315811444021,1.83965259720893,0.740330666894823,113
"114",2.66085366963657,0.514472109155997,1.84436321899117,0.742226360555043,114
"115",2.6676424269707,0.515784705314176,1.84906882699683,0.744120036523136,115
"116",2.65748367412727,0.513820525524285,1.8420273161054,0.741286324080847,116
"117",2.6632694818723,0.514939202867473,1.84603773243113,0.742900234336219,117
"118",2.66803393441425,0.515860402697511,1.84934019927749,0.744229244762683,118
"119",2.67188072361808,0.51660417368265,1.85200659036834,0.7453022794745,119
"120",2.67489890227362,0.517187734047672,1.85409863239385,0.746144179119176,120
"121",2.67716571620054,0.517626019157205,1.85566986807615,0.746776490873196,121
"122",2.66775013730498,0.5158055309475,1.84914348611135,0.744150081561056,122
"123",2.66434624720531,0.51514739384703,1.84678408928583,0.743200590429983,123
"124",2.660642611759,0.514431301428513,1.8442169248184,0.742167487448971,124
"125",2.67178696800005,0.516586046173008,1.85194160392604,0.745276127006236,125
"126",2.71763421701436,0.509053150111312,1.88372049531674,0.734408455214494,126
"127",2.71344870353829,0.50826914142961,1.8808193184516,0.73327736977739,127
"128",2.70447377015289,0.506588003444494,1.8745983686798,0.730852000343213,128
"129",2.69546567829298,0.504900654385864,1.86835443520488,0.728417670224079,129
"130",2.6997726371948,0.505707411595,1.87133979162446,0.7295815748489,130
"131",2.69085978328795,0.504037902015913,1.86516187206819,0.727172981658434,131
"132",2.68707525415309,0.50332900364183,1.86253863636861,0.726150257489651,132
"133",2.67831824397104,0.501688685901194,1.85646873945079,0.723783779219753,133
"134",2.66953926556611,0.500044253186957,1.85038361532122,0.721411364297849,134
"135",2.66074317846425,0.498396615760323,1.8442866323466,0.71903432595326,135
"136",2.65193450124223,0.496746620017661,1.83818092256569,0.716653885277834,136
"137",2.65477301598992,0.497278315881992,1.84014843106003,0.717420960264565,137
"138",2.64607702192032,0.49564942736316,1.83412082728853,0.715070970876286,138
"139",2.66886698674432,0.499918325403945,1.84991762715134,0.721229688909786,139
"140",2.66013809562652,0.498283274780621,1.84386722088362,0.718870809483915,140
"141",2.66253019165077,0.498731349804438,1.84552529549846,0.719517245098722,141
"142",2.66925916981134,0.49999178710252,1.85018946773851,0.721335671738015,142
"143",2.66073042480312,0.49839422681065,1.84427779218235,0.719030879427414,143
"144",2.65219798435787,0.496795974308676,1.83836355514443,0.716725088468728,144
