"Character","Node"
"Akerman","240, 196"
"Barnaby Rudge","179, 147, 23, 211, 241, 83, 145, 26, 155, 152, 154, 192, 143, 142, 56, 256, 17, 37, 40, 12, 181, 130, 13, 232, 164, 153, 82, 78, 81, 178, 186, 77, 22, 200, 175, 55, 123, 148, 191, 144, 239, 177, 215, 210, 138, 139, 240, 213, 19, 160, 176, 149, 80, 246, 34, 237, 36, 33, 212, 146, 225, 245, 79, 185, 35, 163, 214, 61, 162, 226, 150, 21, 151, 161, 131, 247, 236"
"Dolly Varden","63, 15, 84, 242, 30, 64, 243, 87, 85, 221, 182, 77, 11, 43, 62, 249, 250, 129, 255, 97, 45, 65, 68, 70, 223, 224, 219, 131, 220, 222, 217, 25, 66, 67, 26, 183, 128, 94, 98, 99, 60, 216, 17, 248, 61, 225, 69, 44, 96, 127"
"Edward Chester","221, 49, 46, 101, 48, 17, 82, 47, 223, 242, 130, 64, 60, 235, 61, 246, 50, 247, 100, 209, 222, 22, 92, 245, 23, 256, 65, 72, 251"
"Emma Haredale","91, 130, 127, 80, 92, 6, 222, 87, 221, 48, 182, 93, 225, 86, 5, 219, 220, 50, 39, 85, 216, 64, 217, 79, 246, 17, 107, 65, 245, 68, 183, 49"
"Gabriel Varden","242, 13, 64, 12, 26, 232, 25, 255, 69, 157, 83, 15, 62, 11, 85, 17, 194, 247, 128, 94, 120, 130, 22, 10, 9, 60, 20, 70, 156, 131, 76, 234, 129, 23, 195, 158, 61, 44, 82, 229, 233, 183, 126, 245, 196, 16, 127, 235, 43, 97, 84, 21, 246, 45, 19"
"Gashford","176, 117, 154, 109, 151, 166, 120, 110, 221, 133, 152, 118, 165, 155, 160, 137, 134, 111, 217, 116, 135, 164, 115, 148, 161, 136, 149, 121, 254, 147, 112, 150, 163, 113, 114, 252"
"General Conway","152"
"Geoffrey Haredale","253, 86, 164, 133, 37, 92, 83, 219, 46, 189, 47, 188, 36, 182, 84, 137, 172, 252, 107, 124, 49, 174, 209, 251, 79, 65, 173, 100, 135, 132, 222, 6, 131, 34, 203, 33, 166, 38, 208, 220, 5, 187, 134, 205, 247, 80, 93, 7, 221, 130, 39, 170, 254, 82, 106, 236, 245, 246, 64, 78"
"Herbert","225"
"Hugh","1, 74, 40, 130, 121, 41, 122, 212, 180, 213, 181, 66, 55, 214, 167, 149, 215, 168, 106, 216, 35, 183, 170, 107, 80, 184, 108, 81, 136, 89, 118, 90, 109, 186, 219, 47, 230, 110, 241, 120, 154, 164, 195, 178, 210, 155, 211, 233, 198, 194, 33, 117, 123, 234, 56, 151, 182, 239, 185, 196, 137, 119, 150, 160, 153, 201, 88, 237, 67, 161, 165, 163, 162, 193, 208, 124, 240, 229, 152, 36, 73, 217, 68, 236, 72, 69, 207"
"Joe Willet","10, 255, 95, 225, 66, 6, 43, 182, 63, 46, 36, 209, 98, 242, 67, 243, 5, 7, 129, 17, 249, 69, 222, 33, 41, 64, 223, 99, 68, 8, 248, 224, 80, 88, 44, 97, 4, 256, 94, 221, 47, 91, 45, 11, 96, 62"
"John Chester","36, 89, 40, 88, 233, 123, 34, 93, 92, 73, 232, 83, 252, 234, 51, 84, 101, 75, 90, 48, 76, 38, 72, 165, 33, 39, 94, 87, 74, 124, 235, 19, 91, 100, 85, 86, 134, 77, 133"
"John Fielding","204, 188"
"John Grueby","109, 110, 204, 176, 254, 118, 108, 117, 135, 203, 111, 209, 175, 115"
"John Willet","41, 134, 32, 6, 84, 144, 110, 94, 33, 223, 21, 95, 253, 48, 133, 11, 233, 86, 118, 17, 45, 100, 252, 232, 81, 167, 4, 40, 243, 221, 254, 77, 42, 63, 8, 255, 43, 29, 203, 67, 34, 168, 44, 169, 5, 68, 166, 47, 135, 61, 105, 39, 209, 111, 145, 37, 62, 244, 129, 175, 104, 188, 176, 123, 234, 248, 108, 3, 179, 103, 256, 35, 96, 170, 91, 107, 117, 173, 36, 46, 99, 115, 235, 165, 242, 109, 204, 124, 224, 97, 106, 102, 90, 70"
"Lord Algernon Percy","207"
"Lord George Gordon","161, 110, 108, 225, 133, 150, 134, 114, 175, 203, 149, 152, 113, 165, 109, 151, 155, 120, 117, 119, 112, 115, 176, 147, 127, 148, 254"
"Mark Gilbert","28, 120"
"Martha Varden","92, 13, 156, 17, 222, 63, 62, 157, 69, 126, 26, 129, 25, 84, 249, 60, 11, 68, 71, 131, 67, 98, 86, 61, 250, 112, 159, 82, 127, 44, 223, 45, 158, 43, 87, 70, 10, 128, 85, 248"
"Mary Jones","23, 78, 116, 236, 1, 21, 111, 112, 135, 108, 82"
"Miggs","218, 98, 69, 219, 61, 220, 60, 127, 126, 99, 77, 62, 129, 87, 84, 45, 255, 157, 217, 25, 122, 249, 44, 216, 26, 156, 30, 85, 131, 194, 112, 58, 158, 128, 31, 70, 184, 250, 159, 195"
"Mr Rudge","236, 190, 239, 174, 82, 149, 247, 123, 77, 7"
"Mrs Rudge","77, 33, 17, 23"
"Ned Dennis","38, 161, 155, 151, 122, 48, 184, 117, 92, 49, 218, 116, 93, 230, 86, 39, 183, 164, 237, 136, 217, 137, 118, 229, 186, 163, 50, 200, 181, 83, 72, 120, 232, 185, 193, 121, 239, 165, 216, 233, 119, 201, 236, 85, 100, 154, 167, 214, 213, 124, 196, 168, 149, 222, 240, 194, 150, 160, 234, 112"
"Peak","75, 233, 232, 235"
"Phil Parkes","166, 103, 104, 5, 36, 102, 94, 105, 255, 6, 4"
"Philips","188"
"Simon Tappertit","145, 16, 193, 222, 194, 254, 185, 154, 183, 195, 122, 150, 157, 158, 112, 130, 149, 181, 160, 76, 165, 184, 216"
"Solomon Daisy","174, 172, 255, 173, 36, 7, 107, 104, 6, 105, 106, 37, 8, 94, 166, 103, 11"
"Stagg","143, 27, 28, 59, 58, 29, 213, 140, 142, 192"
"The Black Lion","45, 242, 244, 96, 223, 221, 43, 41"
"Tom Cobb","105, 224, 5, 103, 4, 95, 98, 255, 166, 94, 102, 104"
"Tom Green","179, 178"
