"Character","Node"
"AdaClareBH","308, 23, 327, 258, 41, 25, 182, 303, 310, 70, 183, 42, 87, 22, 75, 24, 79, 158, 306, 255, 88, 66, 256, 226, 91, 14, 94, 21, 194, 162, 154, 64, 318, 193, 93, 95, 20, 65, 38, 232, 324, 322, 77, 96, 19, 224, 43, 304, 76, 164, 231, 86, 30, 17, 46, 253, 221, 92, 230, 69, 45, 259, 122, 233, 196, 13, 123, 187, 63, 299, 119, 181, 71, 16, 220, 155, 228, 323, 197, 28, 163, 305, 314, 74, 254, 29, 40, 37, 118, 188, 12, 120, 126, 125, 78, 44, 229, 195, 199, 222, 31, 39, 198, 15, 36, 227, 223, 26, 90, 260, 67, 320"
"AlfredParBH","39"
"AllanWdctBH","187, 298, 263, 238, 90, 304, 76, 323, 261, 234, 302, 258, 299, 303, 306, 311, 319, 300, 235, 236, 320, 241, 232, 89, 75, 233, 240, 328, 74, 239, 257, 253, 305, 237, 310, 322, 324, 255, 318, 153, 301, 86, 185"
"ArethusaSkimpBH","222, 221, 308"
"BartSmallweedBH","108, 102, 208, 207, 172, 103, 109, 107"
"BobStablesBH","4, 145, 211, 293"
"BogsbyBH","170, 173"
"BoythornBH","188, 183, 93, 95, 325, 91, 94, 46, 45, 61, 83, 224, 92, 44, 199, 78, 63, 286, 193, 187, 64, 118"
"BucketBH","113, 299, 294, 130, 287, 272, 292, 298, 301, 288, 283, 291, 286, 285, 114, 135, 300, 250, 129, 265, 252, 251, 270, 312, 132, 269, 116, 266, 115, 267, 317, 268, 274, 290, 275, 284, 302, 273, 271, 217, 277, 289, 314, 313, 117"
"BuffyBH","265, 145, 148, 293, 60, 61, 325"
"CaddyBH","255, 25, 327, 258, 75, 206, 23, 123, 73, 253, 200, 71, 182, 201, 122, 120, 155, 254, 158, 193, 74, 156, 70, 157, 203, 15, 202, 121, 90, 154, 256, 119, 76, 184, 322"
"CaptSwosserBH","86, 65, 66"
"CarstoneBH","257, 307, 65, 13, 231, 256, 308, 235, 24, 14, 328, 30, 86, 299, 304, 21, 323, 232, 91, 38, 45, 43, 130, 46, 318, 228, 12, 23, 120, 303, 88, 309, 182, 16, 20, 194, 183, 310, 199, 327, 22, 324, 69, 19, 26, 185, 198, 153, 196, 233, 253, 229, 118, 31, 221, 42, 258, 306, 230, 193, 220, 127, 17, 27, 63, 67, 125, 260, 44, 156, 320, 66, 205, 64, 129, 131, 207, 119, 128, 28, 102, 126, 25, 314, 322, 87, 29, 206, 259, 197, 305, 195"
"CharleyBH","190, 80, 188, 164, 183, 260, 181, 189, 108, 230, 286, 160, 229, 327, 308, 312, 123, 187, 318, 310, 184, 226, 163, 192, 162, 82, 109, 159, 155, 193, 232, 110, 161, 124, 228, 79, 182"
"CoavinsesBH","43, 194, 49, 29, 81, 82, 78, 309, 51"
"ConvoKengeBH","12, 185, 202, 11, 14, 13, 63, 125, 128, 89, 9, 91, 323, 64, 204, 46, 74, 8, 88, 29, 10, 65, 322, 314"
"DarbyBH","115, 116"
"EgbertParBH","40, 39"
"EmmaNeckettBH","160, 163, 159, 123, 206, 327, 198, 79"
"EstherBH","11, 191, 227, 119, 324, 128, 231, 306, 156, 253, 87, 37, 224, 182, 69, 307, 310, 255, 153, 118, 67, 90, 120, 150, 66, 95, 226, 38, 30, 151, 197, 229, 73, 319, 63, 230, 181, 187, 259, 10, 86, 318, 43, 298, 285, 89, 100, 327, 158, 312, 232, 198, 320, 126, 155, 323, 196, 328, 24, 286, 192, 9, 31, 8, 7, 32, 256, 42, 317, 220, 94, 201, 16, 284, 183, 195, 25, 258, 303, 200"
"FrancisParBH","40, 39"
"GeorgeRouncewellBH","135, 112, 138, 316, 179, 239, 295, 180, 263, 126, 111, 237, 143, 250, 129, 297, 175, 177, 128, 137, 127, 176, 315, 142, 262, 238, 252, 140, 317, 251, 110, 178, 261, 136, 139, 249, 130, 141, 109"
"GrandpaSmallweedBH","174, 177, 173, 139, 140, 136, 111, 104, 103, 107, 272, 108, 178, 110, 141, 105, 179, 138, 172, 137, 208, 207, 102, 271, 109, 313"
"GridleyBH","2, 78, 3, 129, 81, 237, 185, 79, 284, 130, 128, 80, 261, 84, 262, 143, 127, 135, 305, 114, 249"
"GuppyBH","33, 280, 281, 46, 106, 226, 100, 64, 150, 208, 105, 242, 166, 108, 101, 209, 47, 169, 65, 168, 14, 167, 201, 173, 171, 128, 151, 99, 207, 174, 203, 103, 321, 102, 320, 272, 202, 104, 314, 149, 48, 170, 74, 172, 34"
"GusterBH","117, 217, 301, 132, 134, 97, 57, 50, 133, 99, 49, 101, 299, 98"
"HortenseBH","61, 274, 59, 275, 218, 60, 96, 118, 217, 219, 116, 273"
"JennyBH","290, 184, 289, 42, 160, 159, 115, 291"
"JoBH","116, 287, 56, 113, 151, 83, 235, 132, 288, 85, 101, 99, 134, 162, 100, 272, 318, 133, 238, 115, 240, 160, 239, 241, 237, 236, 57, 84"
"JoblingBH","173, 170, 104, 168, 167, 166, 207, 106, 320, 165, 209, 172, 102, 169, 105, 281, 272, 208, 103, 321, 171"
"JohnJarndyceBH","305, 253, 255, 182, 287, 193, 14, 129, 239, 206, 223, 231, 306, 233, 130, 151, 41, 226, 241, 75, 96, 23, 38, 26, 87, 279, 126, 222, 190, 11, 30, 24, 27, 77, 67, 92, 45, 230, 240, 224, 64, 78, 43, 313, 285, 196, 194, 202, 9, 42, 25, 312, 74, 66, 322, 76, 91, 81, 95, 28, 229, 63, 31, 157, 69, 314, 37, 122, 205, 88, 10, 220, 124, 221, 36, 197, 46, 123, 12, 238, 259, 13, 80, 320, 39, 303, 44, 125, 311, 17, 195, 29, 284, 15, 65"
"JudySmallweedBH","173, 140, 110, 177, 138, 207, 139, 136, 111, 137, 172, 141, 108, 107, 178, 237, 208, 109"
"KittySkimBH","308, 222, 221"
"KrookBH","23, 207, 52, 85, 168, 272, 166, 20, 208, 106, 57, 53, 54, 105, 167, 21, 165, 313, 151, 55, 173, 97, 51, 312, 104, 74, 75, 170, 271"
"LadyDedlockBH","293, 43, 285, 150, 270, 243, 5, 190, 91, 148, 147, 280, 61, 118, 284, 174, 62, 4, 93, 146, 209, 210, 283, 245, 151, 152, 294, 211, 269, 6, 32, 212, 295, 60, 95, 215, 268, 288, 271, 96, 94, 83, 286, 325, 189, 45, 35, 168, 242, 149, 218, 166, 216, 213, 224, 145, 244, 281, 193, 214, 59, 85, 58, 34, 266, 278"
"LauraSkimpBH","308, 221, 222"
"LittleSwillsBH","55, 56, 165, 97, 173, 57, 170, 207"
"LizBH","159, 115, 235, 160, 289"
"LordBoodleBH","145, 61, 60, 325"
"MaltaBagnetBH","179, 279, 250, 142, 248, 176, 249, 143"
"MattBagnetBH","250, 248, 177, 263, 176, 178, 249, 175, 143, 251, 279, 180, 264, 277, 179, 142"
"MercuryBH","273, 265, 246, 5, 270, 152, 242, 85, 243, 212, 149, 268, 6, 83, 281, 269, 174, 244, 267"
"MissDonnyBH","11, 10"
"MissFliteBH","119, 129, 324, 74, 238, 173, 53, 183, 184, 131, 54, 71, 104, 255, 153, 106, 90, 170, 75, 185, 130, 253, 237, 128, 239, 304, 232"
"MissWiskBH","157"
"MooneyBH","56"
"MrBadgerBH","86, 91, 119, 65, 255, 87, 66, 76"
"MrGrubbleBH","193"
"MrGusherBH","77, 40"
"MrJellbyBH","158, 39, 123, 122, 157, 327, 155, 70, 16, 201, 254, 200, 69, 14, 156, 154"
"MrPardiggleBH","39, 40"
"MrQualeBH","16, 77, 122, 19, 157, 70"
"MrRouncewellBH","146, 243, 242, 244, 93, 315, 32, 214, 147, 212, 213, 148"
"MrsBadgerBH","66, 153, 86, 87, 65"
"MrsBagnetBH","175, 277, 250, 251, 249, 179, 143, 279, 264, 248, 278, 177, 176, 263, 142"
"MrsBlinderBH","160, 80, 237, 79, 78, 82, 123"
"MrsBucketBH","265, 274, 275, 251, 250"
"MrsChadbandBH","8, 97, 272, 98, 133, 100, 7, 99, 227, 10, 9, 128, 271"
"MrsGuppyBH","320, 321, 48, 201"
"MrSnagsbyBH","100, 49, 134, 218, 117, 132, 115, 97, 133, 167, 106, 116, 240, 299, 236, 50, 113, 56, 165, 101, 54, 170, 301, 53, 57, 272, 98, 219, 99, 217, 51, 166, 171, 114"
"MrsPardiggleBH","40, 238, 77, 157, 39, 41"
"MrsPerkinsBH","54, 106, 207, 173, 165, 56, 170, 55"
"MrsPiperBH","207, 54, 106, 55, 165, 56, 173, 170"
"MrsRouncewellBH","33, 59, 148, 34, 85, 210, 147, 146, 178, 279, 32, 294, 211, 35, 212, 280, 284, 293, 295, 278, 213, 277, 58, 296"
"MrsSkimpoleBH","95, 223, 222, 30"
"MrsSmallweedBH","111, 208, 112, 107, 207, 177, 271, 173, 108, 172"
"MrsSnagsbyBH","133, 301, 134, 236, 98, 271, 299, 104, 272, 49, 57, 99, 50, 273, 300, 171, 97, 117, 132, 106, 100, 51, 54, 240, 101, 160"
"MrsWoodcourtBH","318, 303, 90, 154, 228, 310, 153, 312, 319"
"MrTangleBH","2"
"MrTurveydropBH","121, 122, 73, 156, 254, 327, 154, 72, 155, 158, 74, 70, 157, 200, 120, 71, 201"
"MsBarbaryBH","8, 281, 9, 151"
"NemoBH","140, 111, 271, 272, 20, 54, 138, 141, 151, 51"
"OswaldParBH","39, 40"
"PeepyJellby","70, 23, 123, 327, 254, 74, 76, 69, 16, 201, 75, 156, 154, 157, 15, 71, 19, 18"
"PefferBH","49"
"PhilSquodBH","112, 241, 139, 137, 136, 135, 129, 238, 239, 176, 325, 284, 175"
"PollyBH","105, 103"
"PrinceTurveyBH","122, 254, 156, 155, 157, 201, 73, 200, 90, 74, 253, 158, 120, 154, 121, 71, 72"
"PriscillaBH","19, 17"
"ProfDingoBH","65, 86, 87, 66"
"QuebecBagnetBH","248, 250, 249, 179, 142, 176, 143, 279"
"RevChadbandBH","100, 99, 132, 272, 134, 97, 271, 98, 101, 133"
"RosaBH","35, 59, 33, 242, 244, 146, 34, 148, 316, 85"
"SirDedlockBH","96, 293, 34, 244, 325, 252, 33, 213, 295, 43, 212, 271, 242, 85, 297, 215, 211, 147, 83, 45, 290, 32, 223, 210, 5, 149, 216, 58, 317, 286, 269, 266, 281, 275, 140, 93, 285, 60, 190, 146, 245, 274, 294, 61, 224, 243, 62, 312, 95, 214, 316, 283, 277, 267, 296, 261, 92, 6, 152, 272, 315, 4, 292, 273, 284, 145, 265, 148, 94, 59, 270"
"SkimpoleBH","91, 80, 93, 43, 161, 78, 220, 28, 288, 222, 309, 36, 224, 198, 95, 31, 30, 228, 29, 27, 77, 94, 199, 223, 26, 308, 221, 81, 194, 206, 226, 92, 197, 162"
"SladderyBH","293, 5"
"ThomasBH","211"
"TomNeckettBH","327, 124, 80, 81, 123, 163, 159, 79, 160"
"TulkinghornBH","113, 280, 265, 273, 138, 61, 179, 213, 247, 275, 212, 244, 81, 53, 226, 173, 149, 274, 51, 5, 271, 150, 54, 252, 132, 239, 215, 217, 130, 288, 245, 246, 56, 84, 62, 243, 6, 104, 140, 50, 216, 277, 178, 242, 300, 116, 208, 272, 52, 58, 270, 214, 174, 114, 141, 143, 117, 218, 33, 219, 146"
"VholesBH","314, 230, 260, 198, 231, 232, 206, 220, 322, 304, 323, 258, 229, 204, 305, 259, 306, 207, 199, 233, 205, 257"
"VolumniaDedBH","212, 294, 216, 148, 326, 267, 295, 210, 296, 297, 213, 145, 325, 266, 211, 283, 146"
"WattRouncewellBH","59, 34, 316, 35, 33"
"WoolwichBagnetBH","248, 251, 143, 176, 142, 249, 250, 264, 179, 277"
