"Character","Node"
"AnonyWomanMC","94, 309, 196, 308, 198, 193"
"AnthonyChuzzMC","47, 112, 71, 119, 23, 118, 153, 268, 123, 113, 120, 68, 45, 115, 276, 162, 292, 21, 22, 67, 190, 177, 264, 66, 145, 69, 114"
"AugModdleMC","72, 261, 218, 190, 309, 307, 265, 193, 57, 70, 308, 263, 63, 192, 191, 266, 71, 62, 262, 56, 217, 264, 55"
"BibMC","201"
"BuffumMC","203, 202, 201"
"BullamyMC","162, 164, 288, 163"
"CaptKedgickMC","137, 201, 140"
"CharityPeckMC","145, 69, 6, 51, 60, 7, 5, 176, 309, 181, 32, 71, 35, 191, 8, 54, 263, 67, 68, 22, 65, 50, 177, 24, 45, 30, 216, 148, 217, 34, 127, 126, 265, 21, 190, 183, 146, 56, 46, 218, 66"
"ChevySlymeMC","18, 20, 22, 39, 295, 40, 41, 21, 293, 294, 19, 84, 42"
"ChiggleMC","199, 202"
"ChuffeyMC","152, 159, 307, 263, 265, 115, 118, 121, 288, 114, 112, 267, 278, 283, 292, 308, 120, 290, 291, 67, 156, 289, 296, 68, 294, 69, 119, 153, 282, 281, 264, 113"
"CiceroMC","106, 107"
"ColDiverMC","132, 99, 100, 98, 103"
"ColGroperMC","201"
"CrimpleMC","280, 288, 163, 161, 170, 164, 162, 169, 173"
"DocDunkleMC","201, 203"
"DocJoblingMC","162, 241, 118, 121, 164, 168, 169, 154, 220, 156, 120, 163, 239, 240"
"GenChokeMC","132, 131, 193"
"GenFladdockMC","203, 109"
"GeorgeChuzzMC","24, 307, 309, 22, 23"
"JackCoachMC","209"
"JaneMC","186, 188"
"JeffBrickMC","135, 109, 102, 99, 101, 100, 103, 132"
"JoddMC","201"
"JonasChuzzMC","118, 22, 127, 294, 266, 265, 253, 114, 251, 169, 149, 291, 234, 148, 119, 45, 65, 159, 307, 112, 170, 264, 239, 269, 237, 165, 292, 271, 72, 67, 283, 167, 243, 293, 276, 124, 288, 177, 295, 158, 121, 120, 272, 221, 261, 123, 116, 147, 289, 296, 290, 66, 69, 223, 255, 256, 238, 278, 166, 145, 115, 242, 125, 164, 220, 117, 277, 270, 171, 46, 21, 176, 241, 150, 191, 126, 222, 244, 267, 68, 240, 146, 235, 254, 113, 168"
"LewsomeMC","294, 278, 292, 174, 290, 276, 284, 153"
"LFKettleMC","132, 135, 131"
"MajChollopMC","194, 200, 195, 196"
"MajPawkinsMC","101, 132, 100"
"MarkTapleyMC","203, 27, 230, 140, 206, 43, 294, 291, 296, 273, 110, 245, 96, 86, 106, 246, 90, 205, 26, 89, 134, 184, 109, 74, 193, 41, 300, 302, 139, 226, 248, 275, 143, 196, 290, 107, 200, 144, 195, 274, 87, 292, 198, 108, 308, 305, 88, 201, 207, 251, 204, 247, 138, 91, 298, 40, 142, 309, 111, 297, 278, 94, 307, 131, 95, 137, 202, 135, 93, 105, 299, 249, 130, 98, 197, 194, 44, 133, 252, 92, 141"
"MartinJrMC","178, 300, 17, 143, 248, 278, 87, 112, 181, 283, 109, 84, 299, 41, 97, 275, 186, 141, 183, 86, 196, 245, 184, 277, 127, 88, 37, 149, 74, 204, 137, 194, 42, 35, 139, 95, 96, 101, 187, 305, 136, 246, 132, 85, 188, 110, 247, 205, 100, 142, 252, 199, 33, 89, 206, 140, 200, 249, 103, 29, 282, 40, 250, 78, 298, 111, 193, 135, 251, 107, 93, 147, 94, 105, 15, 83, 108, 76, 131, 79, 286, 253, 73, 34, 203, 197, 99, 274, 198, 180, 91, 36, 302, 297, 106, 284, 144, 134, 90, 104, 207, 75, 133, 130, 273, 31, 185, 30, 38, 195, 32, 287, 276, 230, 98, 82, 77, 202, 291, 92, 189, 285, 201, 39, 81, 138, 102"
"MartinSrMC","290, 15, 298, 187, 296, 173, 299, 178, 89, 250, 302, 177, 307, 17, 301, 24, 60, 23, 20, 300, 292, 30, 149, 146, 293, 145, 264, 287, 147, 255, 21, 18, 308, 248, 294, 61, 16, 179, 254, 291, 304, 180, 29, 114, 249, 297, 62, 305, 68, 22, 59, 186, 247, 153, 168, 32, 150, 309"
"MaryMC","146, 180, 247, 304, 274, 183, 177, 92, 216, 187, 287, 13, 230, 184, 148, 205, 179, 251, 302, 248, 91, 90, 297, 186, 298, 147, 300, 178, 89, 61, 145, 249, 305"
"MercyPeckMC","214"
"MissesMouldMC","151"
"MrBevanMC","106, 105, 108, 197, 110, 107, 250, 203, 141, 109, 204, 132"
"MrFipsMC","305, 232, 287, 227, 229, 273, 228, 231"
"MrGanderMC","56, 57, 54"
"MrIzzardMC","201"
"MrMouldMC","152, 220, 121, 120, 294, 151, 119, 118, 153, 117, 116"
"MrMrsSpottletoeMC","22, 307, 21, 24, 310, 309, 20, 23"
"MrPipMC","169, 168"
"MrsGampMC","263, 162, 155, 267, 265, 173, 175, 117, 280, 266, 120, 283, 292, 146, 291, 156, 282, 259, 158, 154, 159, 153, 294, 281, 278, 290, 301, 172, 233, 279, 121, 174, 234, 302, 151, 157, 235, 152, 236, 137, 220, 116, 118, 264, 119, 289, 268"
"MrsGillMC","172, 173"
"MrsHominyMC","140, 138, 141, 139, 202"
"MrsJinkinsMC","48, 72, 54, 51, 69, 47, 62, 65, 190, 71, 66, 55, 56, 63, 57, 191, 309, 310, 70"
"MrsLupinMC","40, 275, 178, 26, 15, 208, 247, 300, 18, 14, 209, 196, 90, 305, 248, 188, 43, 297, 252, 21, 205, 219, 44, 299, 246, 255, 245"
"MrsMouldMC","175, 151, 152, 153"
"MrsNedChuzzMC","1, 23, 22, 307, 309, 249, 24, 310"
"MrsNorrisMC","107, 108"
"MrsPawkinsMC","106, 107, 102, 101"
"MrsPrigMC","154, 267, 156, 265, 153, 282, 280, 283, 173, 289, 292, 281, 279, 175, 174"
"MrsTodgersMC","64, 63, 309, 190, 266, 65, 181, 69, 308, 55, 262, 54, 307, 213, 70, 191, 71, 51, 261, 178, 218, 62, 265, 57, 48, 145, 56, 50, 264, 114, 53, 52, 288, 263, 177"
"MsCodgerMC","202"
"MsToppitMC","202"
"NadgettMC","278, 167, 272, 296, 244, 286, 222, 239, 220, 293, 292, 266, 236, 170, 221, 166, 294, 175, 223"
"NorrisMC","107, 197, 109, 108"
"PogramMC","200, 199, 201, 202, 203"
"ProfMullitMC","102"
"ProfPiperMC","201"
"RuthPinchMC","213, 310, 233, 296, 214, 264, 224, 257, 302, 227, 306, 304, 53, 212, 51, 260, 286, 274, 226, 52, 285, 50, 259, 284, 263, 258, 225, 265, 262, 232, 236, 273, 215, 230, 305, 229, 300, 303, 261, 234"
"ScadderMC","141, 140, 195, 135, 193, 134, 196, 199"
"SethPeckMC","15, 176, 9, 69, 40, 224, 70, 48, 231, 288, 145, 90, 124, 11, 19, 252, 148, 30, 76, 16, 31, 129, 17, 116, 226, 22, 14, 75, 25, 205, 127, 123, 298, 34, 27, 77, 57, 113, 7, 50, 59, 8, 21, 230, 114, 300, 61, 115, 185, 52, 125, 278, 32, 126, 223, 83, 63, 177, 47, 23, 253, 20, 178, 55, 307, 45, 35, 119, 247, 46, 180, 184, 60, 5, 79, 248, 6, 207, 229, 297, 29, 249, 121, 117, 213, 64, 51, 187, 146, 242, 81, 12, 251, 287, 42, 33, 71, 255, 296, 128, 250, 206, 246, 254, 74, 301, 179, 18, 198, 274, 186, 53, 56, 72, 54, 152, 120, 39, 188, 62, 270, 78, 183, 189, 190, 181, 118, 24, 147, 299, 244"
"SophiaMC","34"
"TackerMC","151, 120, 220"
"TiggMontagueMC","238, 256, 235, 223, 163, 254, 84, 166, 22, 42, 20, 168, 221, 280, 237, 162, 41, 240, 23, 19, 78, 40, 39, 165, 24, 160, 241, 220, 294, 270, 244, 169, 21, 77, 255, 164, 242, 299, 243, 161, 222, 293, 83, 239, 167, 170"
"TomPinchMC","228, 26, 37, 44, 73, 39, 230, 9, 7, 78, 80, 231, 76, 10, 216, 297, 211, 52, 33, 111, 224, 8, 225, 263, 129, 237, 28, 265, 301, 303, 227, 264, 50, 277, 260, 36, 30, 214, 31, 185, 125, 284, 259, 164, 285, 42, 148, 306, 40, 234, 38, 43, 34, 149, 150, 74, 287, 236, 217, 274, 75, 296, 25, 250, 275, 219, 27, 258, 120, 276, 29, 145, 240, 304, 209, 310, 187, 300, 146, 79, 261, 81, 278, 147, 186, 233, 252, 35, 205, 184, 302, 245, 85, 215, 206, 188, 235, 226, 198, 183, 213, 181, 247, 266, 257, 133, 210, 286, 32, 41, 77, 208, 196, 84, 51, 273, 232, 87, 212, 251, 229, 189, 220, 218, 127, 176, 90, 262, 305, 91"
"WestlockMC","284, 75, 10, 215, 8, 259, 290, 260, 273, 294, 219, 278, 298, 274, 306, 211, 85, 210, 258, 277, 7, 163, 174, 228, 35, 78, 282, 226, 209, 257, 154, 230, 74, 34, 227, 287, 276, 208, 304, 225, 300, 224, 275, 229, 286, 212, 77, 214, 297, 184, 231, 33, 296, 302, 283, 156, 303, 218, 9, 76, 305"
"WlmSimmonsMC","82"
"YngBaileyMC","165, 71, 190, 172, 221, 48, 240, 65, 56, 168, 70, 58, 302, 158, 243, 54, 307, 159, 170, 280, 173, 66, 175, 174, 57, 160, 55"
