"Character","Node"
"AdamsDC","91, 86, 90, 101"
"AgnesDC","234, 100, 143, 208, 137, 228, 302, 298, 136, 132, 307, 280, 284, 276, 183, 93, 320, 288, 189, 88, 323, 162, 221, 142, 85, 223, 191, 286, 289, 287, 147, 321, 275, 106, 195, 227, 230, 281, 211, 226, 318, 212, 96, 233, 194, 84, 324, 258, 101, 214, 140, 190, 209, 277, 97, 89, 319, 238, 87, 325, 213, 133, 283, 313, 139, 300, 322, 311, 303, 135, 105, 304, 157, 104, 312, 192, 141, 225, 90, 102, 138, 210, 285"
"AnnieStrongDC","86, 90, 88, 229, 92, 241, 242, 228, 230, 91, 193, 194, 87, 245, 208, 244, 106, 225, 231, 320, 105, 243"
"BarkisDC","53, 164, 116, 158, 165, 163, 171, 166, 24, 41, 94, 43, 128, 272, 199, 42, 187, 185, 186, 114, 45, 56, 54, 120, 55, 47, 57, 115"
"CaptBaileyDC","102"
"CaptHopkinsDC","64, 63"
"CarolineCrewlerDC","307, 325, 306, 308"
"CharleyPyegraveDC","124, 71"
"ClaraCoppDC","1, 47, 2, 70, 75, 3, 72, 199, 73, 20, 129, 4, 49, 21, 178, 78, 5, 16, 50, 6, 161, 17, 7, 145, 23, 58, 8, 166, 18, 130, 158, 9, 45, 103, 122, 79, 15, 12, 13, 46, 29, 44, 43, 41, 42, 22, 53, 141, 67, 19"
"ClaraPeggottyDC","55, 30, 49, 80, 186, 288, 190, 323, 178, 44, 47, 166, 126, 14, 191, 185, 7, 170, 15, 121, 234, 10, 128, 42, 94, 8, 158, 39, 26, 199, 23, 184, 232, 324, 51, 310, 120, 18, 183, 125, 114, 3, 17, 268, 12, 62, 290, 11, 27, 171, 4, 167, 6, 116, 38, 192, 320, 188, 174, 56, 19, 5, 233, 115, 54, 22, 177, 25, 52, 103, 298, 322, 164, 43, 272, 53, 45, 41, 9, 165, 57, 67, 292, 127, 176, 75, 16, 24, 50, 216, 270"
"ClarissaSpenlowDC","206, 232, 225, 222, 234, 257, 221, 219, 220, 226"
"DanielPeggottyDC","250, 11, 53, 171, 323, 300, 128, 173, 14, 15, 120, 38, 264, 269, 321, 265, 56, 55, 54, 13, 168, 271, 170, 57, 175, 273, 114, 254, 117, 290, 166, 164, 167, 217, 39, 119, 23, 186, 121, 174, 274, 169, 288, 272, 322, 268, 216, 176, 165, 253, 252, 94, 12, 118, 122, 298, 270"
"DavCopp1DC","172, 78, 79, 2, 13, 75, 94, 7, 73, 103, 43, 309, 3, 50"
"DavCoppDC","180, 132, 215, 47, 181, 44, 11, 219, 173, 87, 150, 153, 186, 217, 261, 97, 183, 191, 230, 33, 7, 155, 319, 193, 27, 21, 73, 220, 58, 9, 107, 15, 228, 157, 211, 130, 111, 237, 117, 23, 168, 28, 238, 318, 145, 190, 279, 66, 121, 250, 232, 189, 276, 57, 251, 226, 236, 320, 227, 79, 314, 286, 52, 136, 187, 109, 124, 273, 164, 82, 99, 138, 162, 54, 299, 203, 88, 126, 196, 210, 154, 142, 116, 317, 249, 197, 277, 198, 283, 178, 284, 321, 84, 171, 39, 298, 20, 129, 152, 32, 221, 264, 38, 8, 315, 208, 267, 17, 24, 151, 53, 167, 275, 268, 209, 259, 288, 95, 247, 269, 45, 89, 101, 225, 184, 36, 205, 149, 42, 140, 271, 128, 212, 185, 165, 41, 199, 159, 253, 243, 214, 281, 170, 254, 123, 323, 108, 16, 59, 131, 216, 289, 125, 324, 134, 148, 258, 260, 35, 80, 102, 96, 300, 270, 306, 29, 103, 272, 192, 290, 262, 241, 280, 263, 312, 206, 293, 94, 43, 313, 309, 188, 311, 287, 307, 144, 255, 179, 67, 127, 133, 242, 161, 156, 322, 98, 137, 135, 282, 213, 201, 204, 6, 91, 222, 62, 65, 231, 141, 158, 118, 22"
"DrStrongDC","100, 228, 241, 243, 89, 101, 86, 320, 87, 194, 244, 95, 227, 91"
"GeorgDempleDC","29, 39, 26"
"GraingerDC","134, 135"
"GregoryDC","62"
"HamPeggottyDC","54, 117, 173, 251, 38, 11, 13, 15, 217, 293, 126, 56, 167, 125, 23, 4, 290, 271, 53, 170, 121, 164, 215, 119, 168, 291, 166, 118, 3, 165, 55, 39, 127, 199, 171, 122, 12, 272, 9, 292, 94, 57, 14, 323"
"JackMaldonDC","195, 86, 106, 241, 193, 226, 90, 324, 92, 194, 88, 228, 87, 105, 91"
"JaneMurdstoneDC","78, 79, 204, 44, 205, 66, 21, 80, 179, 52, 178, 22, 18, 310, 20, 58, 147, 94, 42, 46, 19, 145, 203, 38, 43, 45, 57, 129, 41, 23, 146, 49, 29, 202"
"JanetDC","129, 311, 75, 208, 74, 76, 73, 132, 78, 185, 233"
"JipDC","207, 181, 224, 201, 222, 234, 227, 238, 275, 205, 146, 226, 193, 203, 259, 180, 220, 283, 232, 200, 223, 257, 147, 199, 237, 284, 179, 233, 239, 182, 240"
"JuliaMillsDC","182, 203, 208, 181, 200, 179, 206, 207, 219, 257, 180, 226, 205, 195, 324, 201"
"LaviniaSpenlowDC","219, 257, 206, 222, 232, 221, 233, 220, 226, 224, 227, 225, 223, 234"
"LittimerDC","173, 154, 316, 122, 247, 160, 113, 155, 174, 248, 249, 128"
"LittleEmlyDC","14, 167, 166, 217, 52, 39, 250, 163, 13, 266, 267, 269, 124, 271, 265, 121, 215, 168, 127, 115, 35, 290, 312, 38, 12, 268, 117, 119, 125, 54, 321, 23, 17, 216, 272, 146, 164, 56, 322, 88, 270, 94, 301, 24, 165, 15, 126, 294, 171, 128, 158, 118, 273, 55, 323"
"MarkhamDC","134, 136, 135"
"MarthaEndellDC","164, 301, 128, 251, 271, 265, 215, 264, 216, 126, 322, 253"
"MaryAnneDC","235, 237, 236"
"MealyPotatoesDC","60, 62, 86, 59, 67"
"MickWalkerDC","86, 59, 67, 62"
"MinnieJoramDC","164, 48, 163, 271, 272, 115, 114, 171, 50"
"MissBetseyTrotwoodDC","76, 74, 189, 103, 101, 2, 288, 205, 4, 281, 196, 284, 3, 212, 310, 81, 129, 240, 313, 280, 307, 221, 77, 75, 263, 201, 233, 94, 236, 79, 299, 230, 318, 132, 183, 72, 282, 222, 89, 131, 184, 320, 262, 283, 83, 241, 232, 290, 312, 208, 219, 242, 148, 206, 43, 165, 243, 186, 223, 100, 255, 287, 78, 285, 323, 109, 67, 188, 245, 259, 68, 97, 1, 95, 178, 191, 187, 96, 204, 289, 298, 270, 311, 73, 82, 246, 254, 324, 143, 84, 128, 185, 278, 300, 126, 192, 286, 199, 190, 268, 200, 275, 234, 193, 276, 231, 120, 80, 269, 202, 215, 134, 130, 261, 305, 70, 244, 108, 273"
"MissCreakleDC","35, 31, 29, 33, 37"
"MissesNettingallDC","100"
"MissKittDC","182"
"MissLarkinsDC","101, 102, 312, 104, 137"
"MissMicawberDC","66, 60, 281, 298, 151, 196"
"MissMowcherDC","123, 124, 172, 173, 125, 317, 122"
"MissShepherdDC","100, 312"
"MithersDC","123"
"MrChestleDC","102"
"MrChillipDC","4, 49, 309, 3, 120, 5, 310, 164, 50, 308, 57"
"MrCreakleDC","316, 30, 34, 315, 317, 31, 38, 33, 29, 107, 45, 42, 47, 40, 35, 32, 36, 37"
"MrDickDC","129, 246, 262, 76, 78, 212, 73, 74, 233, 199, 77, 186, 103, 311, 95, 94, 242, 80, 245, 259, 231, 196, 82, 202, 130, 190, 241, 81, 243, 84, 100, 276, 219, 96, 244, 320, 215, 79, 185, 230, 195, 75, 310, 101, 281, 287, 275"
"MrDollobyDC","69"
"MrGrayperDC","120, 50"
"MrGulpidgeDC","139"
"MrGummidgeDC","15, 119, 55, 17, 167"
"MrHSpikerDC","139, 138"
"MrJoramDC","114, 48, 125, 49, 172, 164, 295, 128, 163, 271"
"MrJorkinsDC","143, 178, 189, 188, 208, 206, 130, 131, 160"
"MrLarkinsDC","101"
"MrMellDC","28, 29, 31, 30, 33, 37, 38, 36, 323, 322, 35"
"MrMicawberDC","97, 205, 66, 286, 280, 153, 311, 63, 155, 322, 231, 262, 62, 198, 64, 289, 260, 277, 149, 299, 157, 281, 60, 184, 69, 98, 209, 275, 65, 197, 300, 282, 196, 208, 278, 210, 306, 159, 263, 152, 288, 59, 301, 285, 156, 276, 298, 261, 151, 154, 279, 323, 99"
"MrMillsDC","219, 199, 181"
"MrMurdstoneDC","178, 27, 17, 58, 18, 29, 79, 8, 145, 21, 57, 44, 309, 45, 64, 94, 41, 66, 9, 26, 78, 23, 10, 50, 80, 16, 177, 59, 20, 19, 310, 49"
"MrOmerDC","165, 164, 163, 272, 115, 114, 48, 171, 271, 166"
"MrPassnidgeDC","9"
"MrQuinionDC","60, 9, 61, 8, 59, 66, 58, 67"
"MrsChillipDC","310"
"MrsCreakleDC","47, 31, 33, 37, 29"
"MrsCrewlerDC","219, 307"
"MrsCruppDC","185, 174, 199, 134, 183, 186, 143, 148, 135, 132, 191, 140, 153, 190, 142, 181, 133, 147"
"MrsFibbitsonDC","28"
"MrsGrayperDC","9, 120"
"MrsGulpidgeDC","139"
"MrsGummidgeDC","117, 13, 167, 15, 94, 168, 23, 217, 322, 174, 38, 166, 54, 119, 272, 17, 301, 14, 216, 121, 270, 171, 170, 173, 274, 12, 58, 118, 273, 57, 55, 56"
"MrSharpDC","33, 36, 35, 47, 31"
"MrsHeepDC","277, 211, 280, 225, 189, 97, 96, 210, 281, 279"
"MrsHSpikerDC","139, 138"
"MrsMarklehamDC","230, 243, 245, 244, 324, 90, 241, 92, 104, 91, 105, 242"
"MrsMellDC","33"
"MrsMicawberDC","282, 301, 281, 152, 149, 66, 197, 286, 153, 157, 63, 62, 300, 262, 65, 299, 261, 156, 196, 184, 151, 288, 285, 209, 155, 263, 298, 289, 154, 278, 60, 280, 99, 260, 64, 98, 198, 97, 69"
"MrSpenlowDC","187, 143, 179, 220, 205, 180, 182, 188, 221, 206, 203, 131, 204, 208, 147, 189, 177, 178, 160, 144, 181, 145, 202, 222, 132, 130"
"MrsSteerforthDC","160, 193, 162, 174, 161, 249, 295, 110, 133, 111, 296, 113, 122"
"MrsWaterbrookDC","138, 139"
"MrTiffeyDC","205, 178, 188, 177, 204, 143, 206"
"MrWaterbrookDC","139, 149, 136, 138"
"MrWickfieldDC","229, 89, 227, 192, 91, 211, 104, 277, 96, 93, 213, 312, 87, 244, 189, 88, 225, 287, 105, 191, 82, 106, 140, 86, 84, 276, 228, 280, 212, 141, 90, 262, 97, 210, 83"
"RevCrewlerDC","324, 219, 325, 307"
"RosaDartleDC","297, 174, 265, 110, 296, 266, 249, 119, 122, 161, 267, 247, 111, 264, 133, 193, 324, 160, 175, 248, 162, 295, 113, 114, 159"
"SarahCrewlerDC","219, 184, 220"
"SophyCrewlerDC","314, 307, 233, 306, 324, 184, 237, 219, 223, 234, 320, 220, 222, 183, 325, 308"
"SteerforthDC","295, 157, 170, 116, 122, 36, 249, 32, 251, 108, 173, 172, 39, 113, 135, 133, 44, 129, 123, 131, 139, 132, 47, 183, 110, 159, 267, 45, 169, 161, 162, 119, 109, 38, 37, 30, 121, 118, 120, 35, 248, 69, 128, 154, 136, 137, 114, 175, 100, 273, 42, 158, 59, 34, 134, 143, 33, 247, 125, 117, 111, 160, 265, 168, 124, 155, 174, 40"
"TippDC","67, 62, 66"
"TomJonesDC","21"
"TommyTraddlesDC","29, 303, 320, 314, 157, 196, 325, 289, 197, 306, 233, 259, 152, 219, 305, 324, 156, 159, 317, 220, 222, 261, 275, 111, 40, 307, 285, 183, 262, 278, 276, 139, 59, 298, 154, 202, 36, 221, 195, 257, 232, 316, 280, 287, 279, 47, 234, 277, 315, 32, 69, 260, 35, 153, 281, 288, 39, 238, 158, 198, 150, 149, 34, 308, 155, 38, 299, 286, 223, 237, 151, 184, 138"
"TopsawyerDC","25"
"TungayDC","36, 38, 34, 32, 37"
"UriahDC","192, 106, 311, 87, 317, 89, 96, 214, 139, 142, 288, 276, 229, 213, 280, 227, 231, 143, 210, 277, 189, 99, 211, 244, 230, 225, 104, 138, 85, 279, 316, 212, 261, 281, 97, 278, 137, 287, 208, 209, 197, 83, 228, 226, 140, 141, 191, 88, 187"
"WilliamDC","106"
"YawlerDC","150"
