"","empEntropy","evenness_log2","entropy","evenness"
"1",0,1,0,1
"2",0,1,0,1
"3",1,0.693147180559945,0.693147180559945,1
"4",1.58496250072116,0.693147180559945,1.09861228866811,1
"5",1.5,0.655990769729155,1.03972077083992,0.946394630357186
"6",1.52192809488736,0.665580521625058,1.05492016798614,0.960229717860761
"7",1.45914791702725,0.638125043492931,1.01140426470735,0.920619835714305
"8",1.37878349348618,0.6029794967879,0.955699891112534,0.869915529773626
"9",1.75,0.606503782989952,1.2130075659799,0.875
"10",1.83659166810898,0.636514168294813,1.27302833658963,0.918295834054489
"11",1.84643934467102,0.639927112916834,1.27985422583367,0.923219672335508
"12",2.11807820934971,0.632293455705582,1.46813993901621,0.912206632932989
"13",2.18872187554087,0.65338216131737,1.51710639706103,0.942631203937882
"14",2.19968779473133,0.656655732099278,1.52470739303014,0.947353968270941
"15",2.18200581476021,0.651377267795977,1.51245117846645,0.939738753997058
"16",2.17355726227519,0.648855186966814,1.50659508813164,0.936100160492104
"17",2.375,0.636846589987516,1.64622455382987,0.918775417182036
"18",2.44040401772093,0.654384411316803,1.69155916431042,0.944077145041795
"19",2.4138338639736,0.647259732660201,1.67314213715342,0.933798406475988
"20",2.39428114771339,0.64201675132323,1.65958922700537,0.926234383301667
"21",2.36595732094918,0.634421832379992,1.63995664634108,0.915277231406304
"22",2.35760047262635,0.632180977492652,1.63416412048775,0.912044361172987
"23",2.33992296031499,0.627440824467409,1.62191100266982,0.905205765910414
"24",2.31613152418019,0.621061247636522,1.60542003579151,0.896001982053523
"25",2.4695083368392,0.609731504769901,1.71173274104937,0.879656618205301
"26",2.53302019244805,0.625412836439619,1.75575580469677,0.902279997639739
"27",2.50353912280403,0.618133842200919,1.73532108439313,0.891778628748907
"28",2.47160081728404,0.61024814657722,1.71318313797009,0.880401974778637
"29",2.4381157639277,0.601980552714227,1.68997306764524,0.868474358112412
"30",2.40373398534226,0.593491553798598,1.66614143475611,0.856227321474723
"31",2.36892507936126,0.584897095417318,1.64201373971701,0.843828138988924
"32",2.33403076798049,0.576281550100577,1.61782684616584,0.831398534485907
"33",2.29930048788843,0.567706504766365,1.59375365043997,0.819027359106841
"34",2.26491610684659,0.55921686329382,1.56992021366552,0.806779395455476
"35",2.23100944481611,0.550845172559612,1.5464179064769,0.794701598749377
"36",2.19767490894441,0.542614742066766,1.52331216692215,0.782827597492967
"37",2.20470296727298,0.544349997832607,1.52818364573741,0.78533104238102
"38",2.20684502033996,0.54487887931899,1.5296684037814,0.786094057078643
"39",2.20514241374165,0.544458498926776,1.52848824681818,0.785487576371509
"40",2.2003819695144,0.543283126169876,1.52518855832384,0.783791871923933
"41",2.26403335177321,0.558998907528615,1.56930833447528,0.806464951753881
"42",2.23834294487974,0.552655843113877,1.55150110136964,0.797313844178699
"43",2.2322688916976,0.551156135041808,1.54729088853187,0.795150222780345
"44",2.20826449807709,0.545229354060759,1.53065231077276,0.78659968525055
"45",2.18438729642834,0.539333977287249,1.51410189577026,0.778094454415235
"46",2.28958753683647,0.529007048601129,1.58702114580339,0.763195845612156
"47",2.34743260437888,0.542372097093236,1.62711629127971,0.782477534792959
"48",2.38742209254237,0.551611630750755,1.65483489225227,0.795807364180788
"49",2.4837783824012,0.543111897636,1.72162398289713,0.783544841367252
"50",2.5768151975977,0.537673344521754,1.78611218903887,0.775698667759717
"51",2.62671943618757,0.548086267766478,1.82070317131542,0.790721340486039
"52",2.66043073056912,0.555120402156552,1.84407005996902,0.800869451287544
"53",2.68396207046113,0.560030406658471,1.86038074186997,0.807953090433205
"54",2.700251055435,0.563429235196089,1.87167140587879,0.812856563509258
"55",2.67587672189678,0.558343333247745,1.85477640530874,0.805519157989935
"56",2.75833094744464,0.55267151660758,1.91192931927249,0.797336456250339
"57",2.7686635530524,0.5547418036473,1.91909133571735,0.800323249095758
"58",2.77484745075478,0.555980837029022,1.92337768697463,0.802110796411065
"59",2.77768889754198,0.556550162006757,1.92534722780388,0.802932158733097
"60",2.77779107185429,0.556570634108626,1.92541804964039,0.802961693732941
"61",2.79970094276215,0.560960593766854,1.94060481488661,0.809295066761569
"62",2.81054858837154,0.563134076523199,1.94812382985647,0.812430739555605
"63",2.78967464212335,0.558951679359703,1.93365511286737,0.806396815908802
"64",2.86298875790724,0.553554628568367,1.98447258551822,0.798610517496715
"65",2.93436963386971,0.549650904584728,2.03395003843751,0.79297863426452
"66",2.97313176022325,0.55691162510471,2.06081789703197,0.803453639751978
"67",2.99961789307812,0.561872870175745,2.07917668534426,0.810611203412596
"68",3.01832287057212,0.565376589571266,2.09214198775667,0.81566600200918
"69",3.0314336661507,0.567832435817224,2.10122969874686,0.819209039209409
"70",3.09678555957853,0.563784628269056,2.14652817942061,0.813369287333195
"71",3.10485275356403,0.565253299533111,2.15211993218669,0.815488132082543
"72",3.10958052955057,0.566114013772386,2.15539697678208,0.816729880247168
"73",3.14420516968201,0.572417595176359,2.17939694846709,0.82582402587852
"74",3.17815568371917,0.578598448699388,2.20292965155051,0.834741112604654
"75",3.21145569148379,0.584660874443031,2.22601145804518,0.843487344160767
"76",3.23406248531048,0.588776549425599,2.24168129344765,0.849425008048028
"77",3.23086604864361,0.588194622836449,2.23946569238417,0.848585465443699
"78",3.24676337416718,0.591088807011732,2.25048487874928,0.852760890600799
"79",3.30409729805924,0.586201653309614,2.2902257264455,0.845710218190691
"80",3.29901808135721,0.585300516036812,2.28670508170903,0.84441015191606
"81",3.32028886762568,0.589074306259362,2.30144886723931,0.849854580355488
"82",3.32158267292745,0.589303848775377,2.30234566473643,0.850185740205016
"83",3.3208571419411,0.589175127546747,2.30184276497883,0.850000034726814
"84",3.34173983807372,0.592880064143406,2.31631754692565,0.855345128381623
"85",3.35649624730838,0.595498095850689,2.32654591038184,0.85912214974261
"86",3.36681894538536,0.597329513673311,2.33370105944967,0.861764327153103
"87",3.36453713668068,0.596924682969323,2.33211943017944,0.861180279904059
"88",3.34819631735295,0.594025550636878,2.32079283733439,0.856997716065159
"89",3.34491489835015,0.593443372489226,2.31851833100436,0.856157810538628
"90",3.39621128057011,0.588518568428264,2.35407427371306,0.849052820142528
"91",3.37991258062672,0.585694218950125,2.3427768758005,0.84497814515668
"92",3.37548201803486,0.584926460957914,2.33970584383166,0.843870504508714
"93",3.37001179362126,0.583978543300584,2.33591417320234,0.842502948405314
"94",3.36363335393532,0.582873243929415,2.33149297571766,0.840908338483831
"95",3.35645845229058,0.581629928217953,2.32651971287181,0.839114613072645
"96",3.34162863707365,0.579060117066493,2.31624046826597,0.835407159268412
"97",3.33863578745983,0.578541495748579,2.31416598299431,0.834658946864958
"98",3.33141793972363,0.577290738046564,2.30916295218625,0.832854484930907
"99",3.31716868629623,0.574821530586992,2.29928612234797,0.829292171574058
"100",3.30279537408966,0.572330825379169,2.28932330151668,0.825698843522415
"101",3.28832080365268,0.569822573457118,2.27929029382847,0.822080200913171
"102",3.28157379053932,0.568653405177935,2.27461362071174,0.82039344763483
"103",3.27426662983261,0.567387170717498,2.26954868286999,0.818566657458154
"104",3.26646012555572,0.566034406610108,2.26413762644043,0.81661503138893
"105",3.25820798246848,0.564604419181484,2.25841767672594,0.81455199561712
"106",3.30479694138087,0.560423610246341,2.29071068224128,0.808520363299485
"107",3.29143355313831,0.558157462456671,2.28144788735822,0.805251003121407
"108",3.27798212134886,0.555876384345023,2.27212406533887,0.801960103041852
"109",3.26445927703077,0.55358319618007,2.26275074392663,0.798651731848449
"110",3.25088007989309,0.551280451769708,2.25333836171638,0.795329573907186
"111",3.23725818051405,0.548970465963069,2.24389638056793,0.791996968839423
"112",3.28224317597923,0.545591971691387,2.27507760334212,0.787122831907996
"113",3.30868377356504,0.549987068884403,2.29340482901105,0.793463616832584
"114",3.32808997008482,0.553212870403238,2.30685617941413,0.798117464686701
"115",3.32055527632318,0.551960413408098,2.30163352767686,0.796310551190886
"116",3.30709969635637,0.549723755119624,2.29230683036007,0.79308373536994
"117",3.2936184109191,0.547482823930709,2.2829623153689,0.789850755056719
"118",3.28630583496931,0.546267288543268,2.27789362396667,0.788097108181233
"119",3.27866577072506,0.544997316304351,2.27259793497648,0.786264925530081
"120",3.27072957921436,0.543678120211346,2.26709698620645,0.784361727868742
"121",3.31300314638238,0.540592743834181,2.29639879010118,0.77991047067013
"122",3.3136376495822,0.540696277640399,2.29683859420518,0.780059838378926
"123",3.3133728913501,0.540653076238885,2.29665507778307,0.779997511931203
"124",3.30096282325136,0.538628087891985,2.28805307406987,0.777076071285272
"125",3.28852428318399,0.536598453687849,2.2794313350919,0.774147928084146
"126",3.31343763367683,0.540663640440156,2.29669995374431,0.780012752851987
"127",3.33205596417197,0.543701649739656,2.30960519703375,0.78439567380255
"128",3.34661121139297,0.546076673452198,2.31969412560734,0.787822108734628
"129",3.35817990744067,0.547964372576733,2.32771293465556,0.790545482900286
"130",3.36740472536523,0.549469614018673,2.33410709119115,0.792717087263913
"131",3.4065746870478,0.546343573482243,2.36125763969406,0.788207164084387
"132",3.39430409039188,0.544375625545787,2.35275231021822,0.785368015355735
"133",3.41769277572156,0.548126683161126,2.36896411151149,0.790779647575473
"134",3.4103058784551,0.546941978811372,2.36384390449816,0.789070480485164
"135",3.42137633552071,0.548717449373137,2.37151736060069,0.791631943059866
"136",3.43021072970671,0.550134302057295,2.37764089602268,0.793676029400971
"137",3.43721749903318,0.551258041808826,2.38249761842616,0.795297243167754
"138",3.44268987794498,0.55213569732053,2.38629078243982,0.796563432422099
"139",3.45615493080015,0.554295211134213,2.39562404586248,0.79967895229183
"140",3.44457822661028,0.552438549085884,2.3875996859931,0.7970003551621
"141",3.45538247348658,0.554171325082143,2.39508861925347,0.799500222498873
"142",3.46404631258273,0.555560824284924,2.40109393489579,0.801504846108045
"143",3.45261579644882,0.553727607753642,2.39317090486523,0.798860073709488
"144",3.44116395029043,0.551890970331031,2.38523308998833,0.796210366007977
"145",3.4345765000876,0.550834480626686,2.38066701745316,0.794686173550768
"146",3.47032161280749,0.547647952099048,2.40544364155376,0.790088984646293
"147",3.50564521507811,0.544896369016952,2.42992809687485,0.786119289379159
"148",3.52695000337324,0.548207856937853,2.44469545081405,0.790896756580606
"149",3.54803320214869,0.551484902318997,2.45930921060244,0.795624533700751
"150",3.56383246880282,0.553940645129461,2.47026042773866,0.799167421675107
"151",3.55671467993596,0.552834298916132,2.46532675245378,0.79757130147963
"152",3.57737426525894,0.556045500374701,2.47964688577194,0.802204085899203
"153",3.5661294795531,0.55429767863988,2.47185259426393,0.799682512150019
"154",3.55486919009895,0.552547447095839,2.4640475563765,0.797157461781024
"155",3.54359848475537,0.550795596568706,2.45623529874468,0.794630075713151
"156",3.55918344968165,0.553218029609865,2.46703797324246,0.798124907848516
"157",3.55239053055424,0.552162179191336,2.46232948050152,0.796601637685783
"158",3.54541479719012,0.551077913229399,2.45749427058784,0.795037372559492
"159",3.56086795121951,0.55347985837897,2.46820558073407,0.798502646915265
"160",3.55372892428526,0.552370211048414,2.46325718434265,0.796901764214337
"161",3.54302878836455,0.550707046394414,2.4558404152976,0.794502324815829
"162",3.53231843285103,0.549042293268485,2.44841656257061,0.792100593736748
"163",3.53913358845553,0.550101599991026,2.45314046846295,0.793628850292138
"164",3.54465100893592,0.550959194585361,2.4569648529129,0.794866097760478
"165",3.54905261622728,0.551643353900909,2.46001581459684,0.795853131012197
"166",3.55248066496106,0.552176189140429,2.46239195691148,0.796621849769864
"167",3.55504953684017,0.552575479106618,2.4641725632117,0.79719790342396
"168",3.55946688228781,0.553262084666348,2.4672344337543,0.79818846586003
"169",3.56128498406004,0.553544679450876,2.46849464587168,0.79859616395425
"170",3.58068150903517,0.556559558419529,2.48193929247086,0.802945714891205
"171",3.58407678531042,0.557087299705565,2.48429271864827,0.803707084627442
"172",3.58516495951854,0.557256438947697,2.48504698353258,0.803951100973286
"173",3.58564368179052,0.55733084865312,2.48537880852568,0.804058451486294
"174",3.61620727653389,0.554112865569035,2.50656387804982,0.79941588324922
"175",3.60634205567047,0.552601213889782,2.49972582802274,0.79723503086801
"176",3.61798960846745,0.554385972993355,2.50779929640439,0.799809893975917
"177",3.62445734284792,0.555377026480405,2.51228238825483,0.801239681926939
"178",3.61467901593217,0.553878689594984,2.50550456852258,0.799078038732761
"179",3.60488748224883,0.552378329031364,2.49871759455662,0.79691347598808
"180",3.60555973567376,0.552481338688496,2.49918356512273,0.797062087509589
"181",3.59585388204195,0.550994106912924,2.49245598004291,0.794916465602319
"182",3.59608760754116,0.551029920763242,2.49261798621371,0.794968134066568
"183",3.5958337079845,0.550991015634154,2.49244199645187,0.794912005829767
"184",3.5951328548729,0.550883623635765,2.49195620209358,0.794757071926261
"185",3.60066916524269,0.551731954654728,2.4957936800171,0.795980954880351
"186",3.6148022118028,0.553897566946774,2.50558996139297,0.799105272994573
"187",3.60545965001228,0.552466002523159,2.49911419102866,0.797039962099912
"188",3.6168775804136,0.554215576496586,2.50702849729416,0.799564063795042
"189",3.60755518484553,0.552787102151183,2.50056670509009,0.797503210940892
"190",3.59822523843827,0.551357470787716,2.49409967904313,0.795440688862519
"191",3.58889040234186,0.549927090175253,2.48762926372191,0.793377085846335
"192",3.61730637181624,0.546858499377384,2.50732571284595,0.788950045119732
"193",3.61227105857707,0.54609726890398,2.50383549967099,0.787851821690779
"194",3.60708568353921,0.545313352331692,2.50024127158335,0.786720869139467
"195",3.61647824556801,0.546733304596835,2.50675169947185,0.788769427230689
"196",3.61116971024737,0.545930768853123,2.50307210318144,0.7876116128931
"197",3.61903916955997,0.547120460924585,2.5085267967165,0.789327975744783
"198",3.62563983131981,0.548118338243744,2.51310202680516,0.790767608404549
"199",3.62025615378372,0.547304442622003,2.50937034589998,0.789593405227262
"200",3.61474994055798,0.546472022253814,2.50555372972699,0.78839247649014
"201",3.60912891089474,0.545622244123173,2.50165752886407,0.787166505795209
"202",3.60340029688865,0.5447562015664,2.49768675621724,0.785917070493354
"203",3.59757088257887,0.543874920183508,2.4936461141241,0.784645650212628
"204",3.59164703905857,0.542979363146012,2.48954001868992,0.783353634515799
"205",3.58563475609126,0.542070435976627,2.4853726217024,0.782042329795997
"206",3.61262507745877,0.539224468745268,2.5040808868607,0.777936466984784
"207",3.63938751980667,0.536679832012968,2.52263119831905,0.774265332190231
"208",3.65626338494102,0.539168420110852,2.53432865665643,0.777855605897863
"209",3.6693812228443,0.541102833251522,2.54342124901413,0.780646374142939
"210",3.68006114394897,0.542677740631727,2.55082400621644,0.782918485210219
"211",3.68893637483752,0.543986520583414,2.55697584748366,0.784806655556133
"212",3.69638329048967,0.545084674989741,2.56213765607181,0.786390957472272
"213",3.68817557885129,0.543874330315171,2.55644850389082,0.784644799212503
"214",3.71393068289755,0.541400943865487,2.57430058164551,0.781076456847343
"215",3.73013094130337,0.543762548305808,2.58552974508384,0.784483531861934
"216",3.742700751203,0.545594921477232,2.59424247337595,0.787127087549406
"217",3.75291567970548,0.547084010101915,2.60132292226707,0.78927538832368
"218",3.7446710248763,0.545882139553571,2.59560816301753,0.787541455643794
"219",3.73641432379317,0.544678512953805,2.58988505394103,0.78580498951723
"220",3.74074511792337,0.545309837614918,2.59288693168196,0.786715798475007
"221",3.74433634460042,0.545833351293174,2.59537618032791,0.787471069062465
"222",3.7361681337202,0.544642624417035,2.58971440798607,0.785753213303207
"223",3.74134458878732,0.54539722591569,2.59330245322114,0.786841873143163
"224",3.74569295538255,0.546031112215661,2.59631651126666,0.787756377764619
"225",3.74931427666559,0.546559012956971,2.5988266199039,0.788517977546189
"226",3.75228976266616,0.546992766590711,2.60088906963599,0.789143751762553
"227",3.74430014109263,0.54582807370052,2.59535108596856,0.787463455105716
"228",3.73630130912765,0.544662038158822,2.58980671814427,0.785781221412208
"229",3.72829505233191,0.543494920257025,2.58425720381946,0.784097426203152
"230",3.72028306778893,0.542326967388712,2.5787037193228,0.782412426392045
"231",3.71226696882679,0.541158414737957,2.57314738292811,0.780726561277783
"232",3.71347328854868,0.541334266871934,2.57398354004218,0.780980262279402
"233",3.71352633720916,0.541342000078962,2.57402031057163,0.780991418938831
"234",3.73751884578273,0.538893152730885,2.59065065024396,0.777458479013867
"235",3.73717902143581,0.538844155248533,2.59041510195601,0.777387790589061
"236",3.73654506354859,0.538752748200531,2.58997567583389,0.777255918094207
"237",3.73147397774022,0.538021575052836,2.58646066700343,0.776201058219995
"238",3.72632299375028,0.537278881807253,2.5828902769737,0.775129578357692
"239",3.72109653151991,0.536525305751808,2.57926756941442,0.774042397919568
"240",3.73103096838498,0.537957699867724,2.58615359631789,0.776108905807199
"241",3.73938890336758,0.539162786482384,2.59194687538638,0.777847478290011
"242",3.74921498504464,0.540579557434568,2.59875779619679,0.779891446716801
"243",3.75627789361529,0.541597921013224,2.60365343135909,0.78136063480155
"244",3.76802015517897,0.543290975848621,2.61179254685535,0.783803196616532
"245",3.77400680429325,0.544154159246112,2.61594217580991,0.785048507023469
"246",3.7665415515034,0.543077783774081,2.61076765688646,0.783495625467835
"247",3.76971742487813,0.543535696225148,2.61296900456197,0.784156253490151
"248",3.77485874033354,0.544276995415673,2.61653269287426,0.785225722156137
"249",3.79751648240691,0.541837822245566,2.63223784291027,0.781706739119754
"250",3.79008022449426,0.54077680096713,2.6270834217042,0.780176008983076
"251",3.80454226391857,0.542840275867949,2.6371077435563,0.783152973989487
"252",3.80661657581109,0.543136243151754,2.63854554699621,0.783579964522098
"253",3.81340370904376,0.544104645924229,2.64325002926052,0.784977074399531
"254",3.81503286870252,0.544337097929554,2.64437927668467,0.785312431754858
"255",3.8175828725219,0.544700937960958,2.64614680464249,0.78583734196384
"256",3.8196631343226,0.544997754190462,2.64758873224447,0.786265557266201
"257",3.82221941660004,0.545362490045769,2.64936061209779,0.786791759875887
"258",3.82430939091539,0.545660692077762,2.65080927190193,0.787221974468627
"259",3.82597435522735,0.545898252768041,2.65196333722049,0.787564702098403
"260",3.81884939856937,0.5448816486224,2.6470246936014,0.786098052338939
"261",3.82016880415664,0.545069904250355,2.64793923586423,0.786369647799809
"262",3.813079536073,0.544058392227288,2.64302532967983,0.784910344420331
"263",3.80598329301059,0.543045884999241,2.63810658880854,0.783449605263563
"264",3.79888127846832,0.54203255428403,2.63318384745227,0.781987678065948
"265",3.79177464354344,0.541018564322689,2.62825790349083,0.780524799777211
"266",3.78466448939831,0.54000407223143,2.62332952019178,0.779061197068129
"267",3.77755186958818,0.538989228333783,2.61839942782399,0.777597086809718
"268",3.77043779225963,0.537974176474273,2.61346832518143,0.776132676525758
"269",3.76332322222808,0.536959054314839,2.60853688102316,0.774668164820446
"270",3.75620908294248,0.535943993615163,2.60360573543523,0.773203741782822
"271",3.7596393041903,0.536433424963086,2.60598338362186,0.773909841961326
"272",3.75255978560899,0.535423304019985,2.6010762352775,0.772452545486017
"273",3.7454821025788,0.53441344497727,2.59617035924023,0.770995626853094
"274",3.74691317760655,0.534617633841255,2.59716230486089,0.77129020911457
"275",3.73987802667484,0.533613843369859,2.59228590982775,0.769842045579395
"276",3.73284592675015,0.53261048822271,2.58741162959154,0.768394510084353
"277",3.7340375518569,0.532780511856778,2.58823760117457,0.768639802338058
"278",3.74201643957732,0.533918956723681,2.59376814470198,0.770282231101864
"279",3.74891171746236,0.534902789807835,2.59854758712718,0.771701602213435
"280",3.74507555007131,0.534355437190784,2.59588855851591,0.770911939307198
"281",3.73817824546123,0.533371314929142,2.59110771127197,0.769492151000698
"282",3.74282966175677,0.534034989013931,2.59433182736284,0.770449630311591
"283",3.73596176491265,0.533055062715608,2.58957136402896,0.769035895500563
"284",3.72909754383499,0.532075660883552,2.58481344854224,0.767622917334418
"285",3.72223766091583,0.531096878029286,2.58005854003786,0.766210832164461
"286",3.71538275132981,0.53011880478089,2.57530707878531,0.764799770739375
"287",3.70853342415901,0.52914152804351,2.57055948696814,0.763389858436781
"288",3.70169026346378,0.528165131152132,2.56581616942612,0.761981215483649
"289",3.69485382930246,0.527189694017085,2.56107751436212,0.760573957166218
"290",3.68802465870303,0.526215293262676,2.55634389401556,0.759168194029994
"291",3.68462359348971,0.525730021960487,2.55398645525205,0.75846809552884
"292",3.6811528183856,0.525234804301096,2.55158069727427,0.757753647467476
"293",3.67761537844739,0.524730074759743,2.5491287307547,0.757025476661176
"294",3.68099957493429,0.525212939195753,2.55147447700806,0.757722102788429
"295",3.67741585879644,0.52470160686667,2.54899043427118,0.756984406173015
"296",3.67377118078219,0.524181576365901,2.54646413598156,0.756234160748444
"297",3.6700681752578,0.52365322357049,2.54389740814273,0.755471908790666
"298",3.66630935884228,0.523116907557053,2.54129199514207,0.75469816833773
"299",3.66249713722572,0.522572971574627,2.53864956447688,0.753913434593323
"300",3.65863381147913,0.522021743944976,2.53597171112805,0.753118181225626
"301",3.65472158390271,0.521463538897031,2.53325996161374,0.752312861571155
"302",3.65076256345412,0.520898657341407,2.53051577775202,0.751497909752167
"303",3.64675877079412,0.520327387590329,2.5277405601582,0.750673741715278
"304",3.6530129539468,0.521219747898723,2.53207562957718,0.751961145506883
"305",3.65856137037772,0.522011407892767,2.53592149878285,0.753103269454361
"306",3.65453375158406,0.521436738577676,2.53312976617165,0.752274196883328
"307",3.65046519702535,0.520856228459551,2.53030965905032,0.751436697814723
"308",3.64635747804398,0.520270130277338,2.52746240521985,0.75059113687377
"309",3.64221229526209,0.519678686679462,2.52458918346168,0.749737864128149
"310",3.63625538871591,0.518828742436889,2.52046017048434,0.748511653784357
"311",3.63212213958372,0.518239001557828,2.51759522050181,0.747660837542725
"312",3.63498956454529,0.518648131920744,2.51958276802939,0.748251087888382
"313",3.63752290808548,0.519009594827666,2.52133874796166,0.748772568631663
"314",3.63845830717875,0.51914305958285,2.52198711720586,0.748965117572101
"315",3.63263045508073,0.518311529106605,2.5179475579554,0.747765472677675
"316",3.63886940979459,0.519201716588584,2.52227207182495,0.749049741743387
"317",3.64334841386511,0.519840790526154,2.52537668086815,0.749971730543881
"318",3.64889066046058,0.520631570194801,2.52921827346977,0.751112584450274
"319",3.65384377855112,0.521338291740827,2.53265151330921,0.752132168120014
"320",3.67297857551669,0.518844815116721,2.54591474387648,0.748534841759845
"321",3.67735180070905,0.519462576742535,2.54894603258851,0.749426083393858
"322",3.68341975632125,0.520319735923571,2.55315201891288,0.750662702693591
"323",3.68882172552849,0.521082817890146,2.55689637863834,0.75176359726256
"324",3.69364433566695,0.521764059616506,2.56023915725876,0.752746421322827
"325",3.69795518781794,0.522373010428848,2.56322721227303,0.753624951639938
"326",3.70180856349199,0.522917338131304,2.56589816875713,0.754410250516889
"327",3.70565191559954,0.523460249905133,2.56856217743438,0.755193506640633
"328",3.70908365730994,0.523945017609777,2.57094087952535,0.755892878604105
"329",3.71924851833855,0.525380905495492,2.57798662428812,0.7579644269361
"330",3.72787491052088,0.526599469329979,2.58396598370771,0.75972244293712
"331",3.7353576794823,0.527656484991389,2.58915264391609,0.761247394189979
"332",3.72971813170036,0.526859842684307,2.58524360727141,0.760098082284189
"333",3.73348733220082,0.527392279804914,2.58785621797127,0.760866226677674
"334",3.73649109006319,0.527816590527319,2.58993826426466,0.761478377652684
"335",3.73260651733531,0.527267855930217,2.58724568363065,0.76068672097068
"336",3.72868856644111,0.526714406334598,2.58452996701476,0.759888261983699
"337",3.72473859643247,0.52615643372008,2.58179205643998,0.759083277659782
"338",3.72075791619906,0.525594122980369,2.57903285915948,0.758272034744162
"339",3.71532091202666,0.524826091975935,2.57526421504669,0.757164000222816
"340",3.71135124122138,0.524265336427625,2.57251264892025,0.756355000974119
"341",3.70735314463127,0.523700565454024,2.56974137954121,0.755540208691266
"342",3.70332779249473,0.523131944362961,2.56695121805701,0.754719861863044
"343",3.69800919315391,0.522380639220571,2.56326464591939,0.753635957659925
"344",3.69268867679383,0.521629063280115,2.55957674500528,0.752551662777777
"345",3.68871617048796,0.5210679071891,2.55682321345961,0.751742085668106
"346",3.68471824256954,0.520503160042055,2.55405206099487,0.750927327759707
"347",3.68069594169221,0.519934969971752,2.55126401448239,0.750107602762999
"348",3.68300737994808,0.520261483652641,2.55286618139248,0.7505786624312
"349",3.68655552399149,0.52076269434646,2.5553255674324,0.751301756613612
"350",3.6897503306982,0.521213992621413,2.55754003869358,0.75195284239685
"351",3.6926213029567,0.521619546054422,2.55953004502003,0.752537932323467
"352",3.69580414499502,0.522069154200771,2.56173622300506,0.753186579766547
"353",3.69866499361848,0.522473277569476,2.56371921216242,0.753769606546486
"354",3.70122907006454,0.522835478911588,2.56549649452174,0.754292152626554
"355",3.71876305846734,0.520296324096577,2.57765012914711,0.750628926566888
"356",3.722221568658,0.520780208149085,2.58004738573471,0.751327023689807
"357",3.73962094715857,0.518421543177175,2.59210771588587,0.747924189431714
"358",3.74682316400102,0.5194199824368,2.597099912184,0.749364632800204
"359",3.74768584865618,0.519539575924088,2.59769787962044,0.749537169731236
"360",3.76490266769021,0.5173330250262,2.60963166919208,0.746353789693385
"361",3.75979908195347,0.516631744360879,2.60609413312792,0.745342055555255
"362",3.76047033282977,0.516723980542538,2.60655940878027,0.745475124237125
"363",3.76610117988763,0.517497711870814,2.61046241454259,0.746591382587409
"364",3.76852002441415,0.517830083851294,2.61213902980636,0.747070893995378
"365",3.7730548076627,0.518453205706726,2.61528230202955,0.74796986880608
"366",3.78009528522618,0.519420633520146,2.62016238920247,0.749365572114918
"367",3.78631439006702,0.52027519699874,2.62447314418851,0.750598446607611
"368",3.78128423288349,0.519584006107021,2.62098650491896,0.74960126893582
"369",3.78342110716818,0.519877632725124,2.62246767330461,0.75002488260163
"370",3.78531250553913,0.520137528644657,2.62377869075275,0.750399833155888
"371",3.78697475128103,0.520365936838414,2.62493087170215,0.750729356524319
"372",3.78842239778921,0.520564857079745,2.62593430379774,0.75101633777002
"373",3.78966850387997,0.520736083772793,2.62679803872123,0.751263365670948
"374",3.78589254704383,0.520217231801088,2.62418074488634,0.750514820504415
"375",3.78209354651264,0.519695213409021,2.6215474783792,0.749761707158926
"376",3.77722495278279,0.519026222854896,2.61817282636207,0.748796557804088
