"","Entropy","evenness_log2","entropy","evenness","Node"
"1",0,1,0,1,1
"2",0,1,0,1,2
"3",1,0.693147180559945,0.693147180559945,1,3
"4",0.918295834054489,0.636514168294813,0.636514168294813,0.918295834054489,4
"5",1,0.693147180559945,0.693147180559945,1,5
"6",0.970950594454669,0.673011667009257,0.673011667009257,0.970950594454669,6
"7",0.918295834054489,0.636514168294813,0.636514168294813,0.918295834054489,7
"8",0.863120568566631,0.598269588585257,0.598269588585257,0.863120568566631,8
"9",0.811278124459133,0.562335144618808,0.562335144618808,0.811278124459133,9
"10",0.76420450650862,0.529706199057654,0.529706199057654,0.76420450650862,10
"11",1.15677964944704,0.505891181765191,0.801818552543337,0.729846699162098,11
"12",1.49111485005519,0.516781027103409,1.03356205420682,0.745557425027593,12
"13",1.41829583405449,0.491543879287393,0.983087758574785,0.709147917027245,13
"14",1.35203010175795,0.468577926532851,0.937155853065701,0.676015050878977,14
"15",1.29169199713806,0.447666332984045,0.895332665968091,0.64584599856903,15
"16",1.42560519901694,0.494077112145097,0.988154224290194,0.712802599508472,16
"17",1.50161447181018,0.52041991871162,1.04083983742324,0.750807235905091,17
"18",1.54515219719895,0.535508944512228,1.07101788902446,0.772576098599475,18
"19",1.56831825570284,0.543537688580559,1.08707537716112,0.784159127851422,19
"20",1.78324743853251,0.532339023323423,1.23605293425955,0.768002869020376,20
"21",1.84273764861367,0.55009817421163,1.27728840564823,0.793623907937192,21
"22",2.03118366442286,0.544653638032019,1.40790923019412,0.785769102590927,22
"23",2.11471303111576,0.567051697965572,1.46580737521126,0.818082672582597,23
"24",2.16100993746408,0.579466025096058,1.49789794531525,0.835992760769722,24
"25",2.18563712882641,0.586069706291876,1.51496821357316,0.84551985888254,25
"26",2.1961182137783,0.588880166591235,1.52223314805677,0.849574496019041,26
"27",2.22203349130466,0.595829242852812,1.5401962496076,0.859599893880377,27
"28",2.3682740985432,0.584736365644572,1.64156251419837,0.84359625494286,28
"29",2.4345491399952,0.601099938972265,1.68750087232231,0.867203901033946,29
"30",2.43250870451939,0.600596147276365,1.68608655022514,0.86647708325263,30
"31",2.47043779794849,0.609960992442544,1.71237699439672,0.879987698932568,31
"32",2.46273523361665,0.608059198441453,1.70703798364702,0.877243990158403,32
"33",2.45050597107894,0.605039744512869,1.69856130479868,0.872887838949442,33
"34",2.43490521213255,0.601187854609915,1.68774768272039,0.867330736488399,34
"35",2.41678372729894,0.596713587383749,1.67518682660042,0.860875733349597,35
"36",2.44219152059685,0.602986873369187,1.69279816688911,0.869926171930868,36
"37",2.45720714459173,0.606694291107722,1.70320620432551,0.875274845116756,37
"38",2.46464316626379,0.608530274657957,1.70836046178208,0.877923609479833,38
"39",2.46635680748076,0.608953379541741,1.70954826736012,0.878534020797444,39
"40",2.57515383869334,0.594986874266137,1.78496062279841,0.858384612897781,40
"41",2.62943592422268,0.607528699112661,1.82258609733798,0.87647864140756,41
"42",2.61281654894189,0.603688808073146,1.81106642421944,0.870938849647297,42
"43",2.5946994254843,0.599502863724983,1.79850859117495,0.864899808494765,43
"44",2.69370764106564,0.589015782962653,1.86713585665743,0.849770149085549,44
"45",2.67910382903493,0.58582246099765,1.85701326552292,0.845163159322678,45
"46",2.77331036871847,0.578673652164061,1.92231226289487,0.834849608270195,46
"47",2.76958503675047,0.577896331500726,1.9197300595446,0.833728171604021,47
"48",2.75099088113974,0.574016510454536,1.90684157300813,0.828130773021147,48
"49",2.73149672596587,0.56994889721602,1.89332925431197,0.822262447573686,49
"50",2.71130683975654,0.56573611406657,1.87933469161014,0.816184686215633,50
"51",2.74342349545996,0.572437514191426,1.90159626095998,0.825852762942775,51
"52",2.76523422013669,0.576988498404153,1.91671430327563,0.832418445297641,52
"53",2.74537455892096,0.572844619372048,1.90294863509706,0.82644009156798,53
"54",2.76050481769747,0.576001670311297,1.91343613130914,0.830994753301867,54
"55",2.77019929320469,0.578024501080928,1.92015582967398,0.833913081221772,55
"56",2.77563475472738,0.579158654115514,1.92392340450348,0.835549318180379,56
"57",2.77765155992462,0.579579476841436,1.92532134733968,0.836156437040159,57
"58",2.7768775002625,0.579417963028656,1.9247848100673,0.835923421863427,58
"59",2.85465835215468,0.571972105937259,1.97869838825791,0.8251813207625,59
"60",2.89632587491391,0.580320797024512,2.00758011417939,0.837225935991994,60
"61",2.88758200400733,0.578568835970151,2.00151932471332,0.834698390467037,61
"62",2.87754583226368,0.576557943744315,1.99456278056559,0.831797286225062,62
"63",2.86642317496391,0.574329358416559,1.98685314201792,0.82858211722451,63
"64",2.93851906006779,0.568158300427945,2.03682620150765,0.819679162467298,64
"65",2.95231914264592,0.570826525919454,2.04639168983818,0.823528598151872,65
"66",2.93716099499897,0.567895720561829,2.03588486253418,0.819300339796616,66
"67",2.92151192395508,0.564869995893783,2.02503775306173,0.81493514182293,67
"68",2.91981783474859,0.564542446259202,2.02386349990463,0.814462587589475,68
"69",2.94694713044624,0.569787855331019,2.04266809472803,0.822030113244818,69
"70",2.94345872937505,0.569113378159591,2.04025011936087,0.821057048374407,70
"71",2.92869004665522,0.566257875267784,2.03001324857304,0.816937428513153,71
"72",2.91957954280604,0.564496372865661,2.0236983285165,0.814396117733097,72
"73",2.93045232817157,0.566598609784299,2.03123476903745,0.817429004510389,73
"74",2.94130172318983,0.568696324213997,2.03875499660514,0.820455366715316,74
"75",2.93772405199345,0.568004586796313,2.0362751439024,0.819457400573225,75
"76",2.93289688334645,0.567071260900412,2.03292920556464,0.818110895931676,76
"77",2.99537309849349,0.561077757264172,2.07623441794587,0.809464097958122,77
"78",3.0304990661987,0.567657371400283,2.10058188342518,0.818956474643253,78
"79",3.09060560942369,0.562659538774245,2.14224456439478,0.811746126298475,79
"80",3.11455260845089,0.567019204526027,2.15884335925336,0.818035794458504,80
"81",3.13200140068477,0.570195840639204,2.17093794039445,0.822618711625694,81
"82",3.1447416570742,0.572515265273032,2.17976881319039,0.825964934042633,82
"83",3.20140839473218,0.567982938944806,2.21904720262955,0.81942616932521,83
"84",3.23282526254398,0.573556812288035,2.24082371597533,0.827467568756031,84
"85",3.25471428572153,0.577440287990626,2.25599603067605,0.833070239893571,85
"86",3.24755662924617,0.576170401034773,2.25103472127074,0.831238180279873,86
"87",3.30119596300698,0.572053668558541,2.28821467423416,0.825298990751746,87
"88",3.35379503509264,0.5687326498213,2.3246735727504,0.820507773488828,88
"89",3.35832223754802,0.569500367532665,2.32781159036818,0.821615356023817,89
"90",3.38699606539498,0.574362841810694,2.34768677329616,0.82863042355118,90
"91",3.43743503482016,0.571388790426555,2.38264840274357,0.824339774367934,91
"92",3.46496359035412,0.575964733794038,2.40172974339682,0.830941465171591,92
"93",3.51380515675423,0.573358215208051,2.43558413744119,0.827181053733603,93
"94",3.54025961179775,0.577674868651086,2.45392096836786,0.833408668249105,94
"95",3.55828552148594,0.580616210855691,2.46641557684525,0.837652128061246,95
"96",3.6050923131939,0.578181662833473,2.49885957254868,0.834139817702787,96
"97",3.61727890138932,0.580136137563929,2.50730667179698,0.836959528703958,97
"98",3.62561113074081,0.581472453475708,2.51308213307975,0.838887425042942,98
"99",3.6309608590113,0.582330438381065,2.5167902821472,0.840125235611058,99
"100",3.62123498769521,0.580770611347105,2.51004882186596,0.837874880884521,100
"101",3.61094709070161,0.579120647109283,2.50291779507096,0.83549448566097,101
"102",3.60016503094965,0.5773914294653,2.49544424075326,0.832999751941378,102
"103",3.64435973773603,0.575112732986363,2.52607767715791,0.829712287831525,103
"104",3.66841614240635,0.578909049934033,2.54275230622955,0.835189215465571,104
"105",3.68488607262013,0.581508153002607,2.55416839192125,0.838938928573362,105
"106",3.67285962931851,0.579610272120081,2.54583229665457,0.836200865235943,106
"107",3.66050892383578,0.57766121974994,2.53727143997129,0.833388977047108,107
"108",3.64787397716028,0.575667311563972,2.52851356230664,0.830512375595224,108
"109",3.64086118721815,0.574560630259238,2.5236526667304,0.82891577196504,109
"110",3.68272705859258,0.572420903768742,2.55267187743526,0.825828799168342,110
"111",3.69445103614347,0.574243208196595,2.56079831941962,0.828457828729396,111
"112",3.6866987890726,0.573038245622952,2.55542487121944,0.826719435199945,112
"113",3.72738531868436,0.571148720765755,2.5836266245066,0.82399342705883,113
"114",3.73081343119502,0.571674011796249,2.586002811028,0.824751261823548,114
"115",3.73089325942035,0.571686243906666,2.58605814373732,0.824768909028585,115
"116",3.74224881147745,0.573426259621834,2.5939292126294,0.827279221071927,116
"117",3.73419124650729,0.572191595767222,2.58834413418816,0.825497977651713,117
"118",3.74553802438863,0.573930267011982,2.59620912128504,0.828006350034265,118
"119",3.74919870370197,0.57449119434527,2.59874651083002,0.828815597116299,119
"120",3.77089816004857,0.577816210589647,2.61378742781635,0.833612581562936,120
"121",3.75955007754889,0.576077339437703,2.60592153642693,0.831103920775282,121
"122",3.74797036789317,0.574302975965392,2.59789509332737,0.828544055393044,122
"123",3.73618535459393,0.572497153734905,2.58972634458614,0.825938804616395,123
"124",3.7242188155058,0.570663516236277,2.58143177175614,0.823293424890335,124
"125",3.71692089446575,0.569545252920333,2.57637323836329,0.821680111950015,125
"126",3.7091912902326,0.56836084261865,2.57101548498223,0.8199713690814,126
"127",3.71788496494339,0.569692977819412,2.57704148109672,0.821893233929331,127
"128",3.73920622395231,0.572960042736745,2.59182025166474,0.826606612283831,128
"129",3.74770777146438,0.57426273821116,2.59771307535313,0.828486004584558,129
"130",3.74779034698564,0.574275391290813,2.59777031234288,0.828504259119825,130
"131",3.73656865091155,0.572555886380653,2.58999202534802,0.826023537913152,131
"132",3.72898154949534,0.571393311841748,2.58473304739275,0.824346297391211,132
"133",3.72104613300904,0.570177364847436,2.5792326358287,0.822592056692533,133
"134",3.71279548866067,0.568913115363638,2.57351372496083,0.820768130231811,134
"135",3.71944069449001,0.569931362870712,2.57811983064568,0.822237150860665,135
"136",3.72427776068227,0.570672548428888,2.58147262943902,0.823306455589823,136
"137",3.72760163937275,0.571181867670054,2.58377656658185,0.824041247933283,137
"138",3.76269541540321,0.568838178738069,2.60810171849257,0.820660019533722,138
"139",3.75435378406336,0.56757710446678,2.60231974024808,0.818840673936341,139
"140",3.74575598018653,0.566277302447615,2.59636019673185,0.816965456009154,140
"141",3.76590638935468,0.569323608562406,2.61032739603388,0.821360346733992,141
"142",3.76790558732347,0.569625844062746,2.61171313446933,0.821796380391514,142
"143",3.76881747998698,0.569763702513843,2.61234521029801,0.821995268095256,143
"144",3.78331961430512,0.57195611161493,2.62239732381274,0.825158245832993,144
"145",3.78324886831861,0.571945416351646,2.62234828643165,0.825142815829693,145
"146",3.77481482865718,0.570670371940459,2.6165022556196,0.82330331558076,146
"147",3.76616910802951,0.569363325944763,2.61050949874262,0.821417646804557,147
"148",3.76552609974917,0.569266116997793,2.61006379936602,0.821277403938832,148
