"","Entropy","evenness_log2","entropy","evenness","Node"
"1",0,1,0,1,1
"2",0,1,0,1,2
"3",1,0.693147180559945,0.693147180559945,1,3
"4",1.58496250072116,0.693147180559945,1.09861228866811,1,4
"5",2,0.693147180559945,1.38629436111989,1,5
"6",1.92192809488736,0.666089520105061,1.33217904021012,0.960964047443681,6
"7",2.25162916738782,0.67216138711527,1.56071040904141,0.969723899868247,7
"8",2.23592635062903,0.66747374705132,1.5498260458782,0.962961064794514,8
"9",2.15563906222957,0.643506205717275,1.49417513828931,0.928383211769586,9
"10",2.41938194564637,0.648747428194633,1.67698777432242,0.935944697445866,10
"11",2.64643934467102,0.653416479643818,1.83437197028162,0.94268071481726,11
"12",2.66353275480426,0.657636911106515,1.84622021932163,0.948769510358905,12
"13",2.85538854220753,0.659734839144775,1.97920451743432,0.951796180735845,13
"14",3.02698683335929,0.661891807591792,2.09814738913507,0.954908028417711,14
"15",3.18200581476021,0.663951264454199,2.20559835902639,0.95787919662003,15
"16",3.18989809546429,0.665598052693426,2.21106887114461,0.960255009846156,16
"17",3.15563906222957,0.65844962815892,2.18732231884925,0.949942013220056,17
"18",3.29277019393699,0.659754152636871,2.28237437615925,0.951824044215114,18
"19",3.41938194564637,0.661132425905594,2.37013495488236,0.953812472224891,19
"20",3.43162356584743,0.663499325008763,2.37862019941021,0.957227185823316,20
"21",3.40869496956284,0.659066114935948,2.36272730754135,0.950831415636047,21
"22",3.36804242257272,0.651206005290974,2.33454910921257,0.939491674430401,22
"23",3.31764000596622,0.641460772821409,2.29961281624836,0.925432275874249,23
"24",3.43141345698033,0.642754576268626,2.37847456304137,0.927298839691433,24
"25",3.45498685577267,0.647170223098114,2.39481439795049,0.933669271474654,25
"26",3.44888407053764,0.646027081011922,2.39058426957127,0.932020066055873,26
"27",3.47450498810543,0.650826258441678,2.40834333634675,0.938943815534128,27
"28",3.47232489167863,0.6504178940832,2.40683220865516,0.938354670299275,28
"29",3.49916954766151,0.655446295847567,2.42543950626279,0.945609120588325,29
"30",3.59490546122789,0.654469739711848,2.49179858482966,0.944200247894174,30
"31",3.61925091283883,0.65890194566297,2.50867356597324,0.950594569440057,31
"32",3.61922605279803,0.658897419773596,2.50865633430606,0.9505880399619,32
"33",3.70674756296081,0.657638487548574,2.56932162231373,0.948771784684045,33
"34",3.69199440774964,0.65502103315902,2.55909551437475,0.944995596216484,34
"35",3.71601606233591,0.659282873039453,2.5757460565236,0.951144131477047,35
"36",3.7970204317138,0.657973501692732,2.63189400677093,0.949255107928451,36
"37",3.78452769641656,0.65580867563054,2.62323470252216,0.946131924104139,37
"38",3.80744517695524,0.659779972385772,2.63911988954309,0.95186129423881,38
"39",3.81031723757278,0.660277662565633,2.64111065026253,0.952579309393194,39
"40",3.79209886097693,0.657120658472684,2.62848263389074,0.948024715244232,40
"41",3.76845395770192,0.653023308962764,2.61209323585105,0.94211348942548,41
"42",3.74684224809838,0.64927828506807,2.59711314027228,0.936710562024596,42
"43",3.72134576879343,0.644860081881961,2.57944032752785,0.930336442198357,43
"44",3.69302463812115,0.639952403913022,2.55980961565209,0.923256159530287,44
"45",3.70297224329311,0.641676192532589,2.56670477013035,0.925743060823277,45
"46",3.77442615154869,0.640062783880233,2.6162328451777,0.923415404161597,46
"47",3.79999211877127,0.644398230778925,2.63395382327632,0.929670131902377,47
"48",3.82513752156818,0.648662358852906,2.65138328832904,0.935821968328424,48
"49",3.83414791702725,0.650190331204152,2.65762881853722,0.938026366462183,49
"50",3.83339938462247,0.650063395952119,2.65710997541129,0.937843237603561,50
"51",3.89817193947184,0.647974936779011,2.7020068891828,0.934830227911419,51
"52",3.92175450834122,0.651894957191012,2.71835308030497,0.940485621919997,52
"53",3.93045702550056,0.653341536021732,2.72438520553774,0.94257259402533,53
"54",3.92322723773783,0.652139762128424,2.71937389853396,0.940838800789186,54
"55",3.91138981657764,0.650172082829768,2.71116882343167,0.938000039622955,55
"56",3.89607635949355,0.647626598294965,2.70055434382921,0.934327681707935,56
"57",3.87808527889139,0.644636024893693,2.6880838770346,0.930013196292505,57
"58",3.93746720684355,0.642488433320367,2.72924429297085,0.926914876579813,58
"59",3.91714608081225,0.639172573722994,2.71515876175645,0.922131102382398,59
"60",3.91352329504446,0.638581432811862,2.71264763801574,0.921278266321442,60
"61",3.89242357159822,0.635138527119363,2.69802242419838,0.916311203352625,61
"62",3.89609579758822,0.635737735341088,2.70056781728973,0.917175678082568,62
"63",3.88946617380067,0.634655959575854,2.69597251225321,0.915615005550711,63
"64",3.94532328114524,0.632747618350787,2.73468970872333,0.912861851128983,64
"65",3.94339204776904,0.63243788877169,2.73335107975362,0.912415005801203,65
"66",3.93368137621526,0.630880499462782,2.72662015514477,0.910168167968508,66
"67",3.92146784756369,0.628921704044705,2.71815438219525,0.907342223532732,67
"68",3.90724651954082,0.626640899457853,2.70829690877238,0.904051718066044,68
"69",3.89139791643669,0.624099113866732,2.69731149421494,0.900384696598731,69
"70",3.87422182281491,0.621344426466668,2.68540593334797,0.896410522747459,70
"71",3.8559589605577,0.618415444029983,2.67274708186543,0.892184894311203,71
"72",3.83680556634568,0.615343638829911,2.65947096066921,0.887753216182482,72
"73",3.84403662960724,0.616503350653466,2.66448315178141,0.889426326679185,73
"74",3.84635054180382,0.616874453938832,2.66608703349654,0.88996171554864,74
"75",3.84494339567689,0.616648777030493,2.66511167412602,0.889636132592136,75
"76",3.8406127274755,0.615954228119027,2.66210988367228,0.88863411032191,76
"77",3.83664913611984,0.615318550682302,2.65936253149921,0.887717021636341,77
"78",3.82800106420677,0.613931580207039,2.6533681448354,0.88571604620982,78
"79",3.8221330235394,0.612990468796875,2.64930072899139,0.884358309445453,79
"80",3.81435894756744,0.611743669053077,2.64391215014997,0.882559557638094,80
"81",3.86362406678532,0.609714615511905,2.67806012863579,0.879632252156547,81
"82",3.8872040492036,0.613435748744699,2.69440452696668,0.885000712617985,82
"83",3.8776217828613,0.611923580961904,2.68776260606814,0.882819115656755,83
"84",3.86674129833255,0.61020654267703,2.68022082889391,0.880341953038151,84
"85",3.85476328892356,0.608316305098229,2.67191830544335,0.877614916657112,85
"86",3.84185312941986,0.606278965853536,2.66296966478278,0.874675657432186,86
"87",3.83404766741245,0.605047193770002,2.65755933079938,0.872898585955765,87
"88",3.85753350151643,0.608753469552314,2.67383847049165,0.878245611647074,88
"89",3.87209574353419,0.611051522271568,2.68393224748889,0.881561000908843,89
"90",3.88100680729326,0.612457768251959,2.69010892620928,0.883589785011023,90
"91",3.88584965209249,0.613222012703207,2.69346573042776,0.884692356690866,91
"92",3.88756997524005,0.613493495163286,2.69465816756714,0.88508402308971,92
"93",3.88679941299926,0.613371893513579,2.69412405452249,0.884908588992714,93
"94",3.88881162303058,0.613689438348264,2.69551881223239,0.885366709350974,94
"95",3.88617604277551,0.613273520087561,2.69369196720945,0.884766666138842,95
"96",3.88185424991221,0.61259150231657,2.69069632867129,0.883782722482836,96
"97",3.87082310881748,0.610850689071035,2.68305012432312,0.881271259846389,97
"98",3.85911107261935,0.609002424456268,2.67493195945377,0.878604777652413,98
"99",3.84680767356474,0.607060837465814,2.66640389308776,0.875803659729831,99
"100",3.88941305731248,0.604546930026252,2.69593569470918,0.872176857933521,100
"101",3.91131206263526,0.607950779461485,2.71111492850574,0.877087574633664,101
"102",3.92544613407744,0.610147694361813,2.72091192027572,0.880257052865623,102
"103",3.93463698203085,0.611576264388368,2.72728253062157,0.882318043758496,103
"104",3.94378669017562,0.612998439890957,2.73362462502507,0.884369809303355,104
"105",3.94939004808129,0.613869392080862,2.73750857675905,0.885626327708582,105
"106",3.94335377916749,0.612931150812353,2.73332455398035,0.884272731683347,106
"107",3.9363220135632,0.611838175536624,2.72845050547738,0.882695901673239,107
"108",3.97595825045722,0.609237649025303,2.75592425132848,0.878944134971656,108
"109",3.96789119593032,0.608001531082172,2.75033259522773,0.877160793745147,109
"110",3.95907557572966,0.606650710125958,2.74422207294075,0.875211971050487,110
"111",3.9496029528749,0.605199216394233,2.73765615111647,0.873117908241847,111
"112",3.93955203988753,0.603659111037675,2.73068938911722,0.870896005881494,112
"113",3.92899105564152,0.602040847261214,2.72336907266316,0.868561344756344,113
"114",3.9495882275603,0.605196960028477,2.73764594430618,0.87311465299416,114
"115",3.9633142199475,0.60730019924925,2.74716007722975,0.876148985787772,115
"116",3.97264872017393,0.608730528396222,2.75363025974363,0.878212514554947,116
"117",3.96260494909432,0.607191517397003,2.74666844813761,0.875992191018501,117
"118",3.95965038389323,0.606738788207305,2.7446204995987,0.875339040861658,118
"119",3.95562572621026,0.60612208832505,2.74183081947303,0.874449330999812,119
"120",3.9506677941018,0.605362382434921,2.73839424281064,0.873353307079588,120
"121",3.94489049008593,0.60447712386463,2.7343897208208,0.872076148930325,121
"122",3.93529468861826,0.603006755425523,2.72773841808827,0.869954855674946,122
"123",3.93598069876769,0.603111873030971,2.72821392408919,0.870106508323037,123
"124",3.93280087290712,0.602624627061681,2.72600983675926,0.869403560979448,124
"125",3.94258430000795,0.60412374545047,2.73279119167042,0.871566331644659,125
"126",3.93853875273704,0.603503844648427,2.72998703198577,0.870672003831709,126
"127",3.93369375034269,0.602761443022877,2.72662873223631,0.86960094468818,127
"128",3.92814051046679,0.601910517889023,2.72277951967336,0.868373319217401,128
"129",3.92195702799919,0.600963020434562,2.7184934562349,0.867006369338595,129
"130",3.91521065478778,0.59992927100968,2.71381722666441,0.865514984169796,130
"131",3.90796004546513,0.598818257286831,2.70879148725507,0.863912130181483,131
"132",3.90025665414861,0.597637863600691,2.70345190328327,0.862209182064191,132
"133",3.89214590543872,0.596395050380688,2.69782996068279,0.860416181594942,133
"134",3.88366812437545,0.595095996648585,2.69195361064137,0.858542043217789,134
"135",3.87485928478366,0.593746214687741,2.68584778831432,0.856594719476597,135
"136",3.86575161859159,0.592350643409213,2.67953483517181,0.854581335713858,136
"137",3.87975310158739,0.59449609616447,2.68923992363401,0.857676569764328,137
"138",3.87580013283547,0.593890381205361,2.68649993448877,0.85680270779663,138
"139",3.86663890209394,0.592486602209818,2.68014985322982,0.854777482801256,139
"140",3.85723329161257,0.591045376810467,2.67363038084321,0.85269823406481,140
"141",3.86769377357171,0.592648240581917,2.68088103442048,0.855010677679101,141
"142",3.86423400030497,0.592118098161296,2.67848290233527,0.854245843837906,142
"143",3.86016869224729,0.59149516940611,2.67566504551698,0.853347147611973,143
"144",3.85555820575446,0.590788702744537,2.67246929980346,0.852327931662768,144
"145",3.85045523729177,0.590006772876712,2.66893219160107,0.851199845320133,145
"146",3.84435309851739,0.589071739748408,2.66470251131422,0.849850877662862,146
"147",3.87711484129684,0.586135921619714,2.68741122095202,0.845615387407643,147
"148",3.90949806750885,0.5835360640291,2.70985756289831,0.841864585754647,148
"149",3.9038628217651,0.582694940932384,2.70595150819927,0.840651101634238,149
"150",3.92234032924169,0.585452914411274,2.71875914041044,0.844630016295135,150
"151",3.9162895356871,0.584549766182492,2.71456504991793,0.843327048824284,151
"152",3.90987949188378,0.583592995858871,2.71012194612839,0.841946721023127,152
"153",3.90642947141097,0.583078041935693,2.70773057416479,0.841203799551871,153
"154",3.93772965714391,0.580674654569552,2.72942620965658,0.837736444517405,154
"155",3.92935142955193,0.579439164874608,2.72361886482311,0.835954009661439,155
"156",3.92076934047864,0.57817361288348,2.71767021397864,0.834128204079852,156
"157",3.91200116161825,0.576880619287102,2.71159257552292,0.832262808630456,157
"158",3.9030631680683,0.575562584081778,2.70539723049391,0.830361285776018,158
"159",3.89953276554967,0.575041975649638,2.70295014194188,0.829610206572724,159
"160",3.89057671442762,0.573721277596593,2.69674228035768,0.827704842041086,160
"161",3.88147833672625,0.572379591450289,2.69043576550631,0.825769198091382,161
"162",3.87225023799341,0.571018776079353,2.68403933488771,0.823805956504168,162
"163",3.8681394424882,0.570412580385939,2.68118994857341,0.822931400983471,163
"164",3.85893045384931,0.569054583072152,2.67480676406256,0.82097222499333,164
"165",3.86702355561403,0.570248026878813,2.68041647473276,0.82269400045478,165
"166",3.86269410293593,0.569609587052511,2.67741552681557,0.821772926483468,166
"167",3.85801185599482,0.568919122657575,2.67417004054965,0.820776796924983,167
"168",3.85300560092281,0.568180878621612,2.67069996896133,0.819711735915333,168
"169",3.84770128456017,0.567398681177961,2.66702329702976,0.818583263542382,169
"170",3.84212239131169,0.566575993438576,2.66315630290393,0.817396376020572,170
"171",3.85247885909152,0.568103202991854,2.67033485934608,0.819599673669484,171
"172",3.84782235653235,0.56741653497488,2.66710721772592,0.818609021126658,172
"173",3.84368861388363,0.566806955396387,2.6642419256638,0.817729583691739,173
"174",3.83923400681948,0.56615005976275,2.66115422733678,0.81678188361871,174
"175",3.83448355370476,0.565449537390314,2.65786146415394,0.815771243465964,175
"176",3.84274442378955,0.566667721039418,2.66358746296218,0.817528710975419,176
"177",3.83774923348515,0.565931108661966,2.66012506088633,0.816466003951411,177
"178",3.84599119832473,0.567146504461804,2.66583795557715,0.818219449444555,178
"179",3.84077323271241,0.566377040673453,2.66222113742471,0.817109347852957,179
"180",3.83532292801135,0.565573315157699,2.65844327408798,0.815949817037143,180
"181",3.84196223773989,0.566552376499863,2.66304529290718,0.81736230398021,181
"182",3.8472377987062,0.567330333548341,2.66670203311685,0.818484658756073,182
"183",3.86426681604355,0.569841506132797,2.67850564847194,0.822107514990484,183
"184",3.86944971016211,0.570605798126918,2.68209815691736,0.823210155260194,184
"185",3.8734951680575,0.571202358853661,2.68490225465163,0.824070810462254,185
"186",3.87656192535474,0.571654596155171,2.68702796882567,0.824723250974448,186
"187",3.87877402648016,0.57198080215932,2.68856128048387,0.825193866758942,187
"188",3.88023116150838,0.57219567759589,2.68957128952038,0.825503866485691,188
"189",3.89679078360891,0.574637631127561,2.7010495448905,0.829026860735913,189
"190",3.8895914044552,0.573575979524432,2.69605931552832,0.827495221232927,190
"191",3.88227785359709,0.572497491667729,2.69098994837114,0.825939292150403,191
"192",3.87485844903054,0.571403394165129,2.6858472090144,0.824360843109153,192
"193",3.86734095463343,0.570294831911661,2.68063647896817,0.822761525843558,193
"194",3.85973262625672,0.569172874886506,2.67536278760508,0.821142884007276,194
"195",3.85204025297178,0.568038524235503,2.67003084075081,0.819506361948445,195
"196",3.84427019409552,0.566892717731043,2.66464504634794,0.817853312586642,196
"197",3.83642841252125,0.565736334687178,2.65920953755917,0.81618500450389,197
"198",3.83190873052381,0.565069842822286,2.65607673272562,0.815223459995618,198
"199",3.82410057506162,0.563918418430414,2.65066453178163,0.813562305735506,199
"200",3.81623066837818,0.562757887936247,2.64520952815273,0.81188801414677,200
"201",3.81991758230518,0.563301576217921,2.6477651021462,0.81267239053453,201
"202",3.82280453978688,0.563727299460602,2.64976618858503,0.813286579345538,202
"203",3.84891604993099,0.561078533826029,2.66786530822159,0.809465218300062,203
"204",3.87480548649649,0.558687790214935,2.68581049818325,0.8060161043483,204
"205",3.87357952956435,0.558511025943358,2.68496072959225,0.80576108741029,205
"206",3.87558247712888,0.558799820400951,2.68634906704942,0.806177729742095,206
"207",3.87696259130536,0.55899881179347,2.68730568929969,0.806464813637262,207
"208",3.87543576660297,0.558778666983106,2.68624737506202,0.806147211811073,208
"209",3.87357159677085,0.558509882155654,2.6849552309988,0.805759437273442,209
"210",3.88153037744238,0.559657416812988,2.69047183738196,0.807414979832826,210
"211",3.88806292600261,0.560599310575735,2.69499985499836,0.808773845293385,211
"212",3.8805759804379,0.559519807336776,2.68981029978917,0.807216451323915,212
"213",3.88711606081457,0.560462787072457,2.6943435380629,0.80857688351224,213
"214",3.89249252668224,0.561237991362129,2.69807022022045,0.809695266896626,214
"215",3.88836992653418,0.560643575365071,2.69521265155125,0.808837705885445,215
"216",3.89279151769584,0.561281101301263,2.69827746499854,0.809757461392029,216
"217",3.90807599125084,0.563484889022944,2.70887185474953,0.812936855009269,217
"218",3.90073605675333,0.562426582535295,2.70378419984709,0.811410041487798,218
"219",3.89334353927338,0.561360694384421,2.69866009719862,0.809872289938389,219
"220",3.88590234780409,0.560287788187444,2.69350225631168,0.808324413488672,220
"221",3.87841617746199,0.55920839672375,2.68831323844586,0.806767180776822,221
"222",3.87088852346585,0.558123023950519,2.6830954663022,0.805201318859366,222
"223",3.86332269397811,0.557032146854268,2.67785123292418,0.803627515882385,223
"224",3.85572182192176,0.555936217154657,2.67258270988853,0.802046423539594,224
"225",3.85358911346233,0.555628713157224,2.67110442903291,0.801602789047444,225
"226",3.85121243341867,0.55528603218233,2.66945703996156,0.801108404904356,226
"227",3.84860752200533,0.554910443728587,2.66765145295979,0.800566545304726,227
"228",3.84605368305909,0.554542219144821,2.6658812666946,0.800035309523794,228
"229",3.84328639448191,0.554143218383245,2.66396312841953,0.799459673103757,229
"230",3.84031883955989,0.55371534227243,2.66190617609218,0.79884237836057,230
"231",3.83716316789337,0.553260342599245,2.65971883117376,0.79818595258846,231
"232",3.83383060695316,0.552779838193558,2.657408875954,0.797492731265249,232
"233",3.83033155804991,0.552275328765557,2.65498352007208,0.79676487801539,233
"234",3.82667567936856,0.551748206878046,2.65244945807163,0.796004401882335,234
"235",3.82351038765703,0.55129182014125,2.65025544504613,0.795345975000432,235
"236",3.82017896906773,0.550811480445122,2.64794628164369,0.794652991302886,236
"237",3.81669095732195,0.550308562406711,2.64552857613635,0.793927433942897,237
"238",3.82159890599948,0.551016213670934,2.64893050692451,0.79494835891247,238
"239",3.82573148482058,0.551612068440289,2.6517949922828,0.795807995633308,239
"240",3.82918274850006,0.552109687968613,2.6541872259716,0.79652590885907,240
"241",3.83202827447509,0.552519969368423,2.6561595942784,0.797117819799946,241
"242",3.83433016911102,0.552851867429354,2.65775514605524,0.797596647486531,242
"243",3.84577378777943,0.554501862518965,2.66568725807066,0.799977087219805,243
"244",3.84755401346171,0.554758543881677,2.66692121648309,0.800347400148877,244
"245",3.84888870773509,0.554950986417646,2.66784635605559,0.800625036041176,245
"246",3.84981567082583,0.555084640342359,2.66848887790842,0.800817857895555,246
"247",3.8503677705052,0.555164244686608,2.66887156424456,0.800932702688237,247
"248",3.84698478412349,0.554676469702159,2.66652665677221,0.800228992137102,248
"249",3.84346494385091,0.554168962476144,2.66408688941125,0.799496813978915,249
"250",3.8372619246274,0.553274581812464,2.65978728412551,0.798206495430757,250
"251",3.83101854564001,0.552374381887049,2.65545970358323,0.796907781462553,251
"252",3.82473736469168,0.551468731496032,2.65110592071831,0.795601204134652,252
"253",3.81842081822607,0.550557981937387,2.6467276243448,0.794287270262903,253
"254",3.81207122822775,0.549642468005838,2.64232642393975,0.792966462853993,254
"255",3.80569080863276,0.548722508917158,2.6379038540867,0.791639242438934,255
"256",3.7992816712919,0.547798409167989,2.63346137860906,0.790306048313522,256
"257",3.79284583152507,0.546870459336691,2.62900039442014,0.788967299693713,257
"258",3.78638521330076,0.545938936830144,2.62452223511329,0.787623396793042,258
"259",3.77990165407173,0.545004106580982,2.62002817431369,0.786274721828503,259
"260",3.77339690929459,0.544066221699246,2.61551942881116,0.784921639960698,260
"261",3.76687265665857,0.543125524082109,2.61099716149124,0.783564500173477,261
"262",3.76033050004622,0.542182244984942,2.6064624840806,0.782203636097821,262
"263",3.75746036592101,0.541768415465598,2.60447305870389,0.781606606302489,263
"264",3.75987573127448,0.542116674271516,2.60614726238867,0.782109037554733,264
"265",3.75690507571311,0.541688351095848,2.60408816086189,0.7814910978333,265
"266",3.76382122095147,0.542685553642786,2.6088820674342,0.782929757002528,266
"267",3.76979765541722,0.543547264243917,2.61302461613394,0.784172942613462,267
"268",3.76739136518541,0.543200313931982,2.61135670284415,0.783672399118998,268
"269",3.76484951271867,0.542833817615549,2.60959482497343,0.783143656700776,269
"270",3.76217894406997,0.54244876239093,2.60774372784409,0.78258813943775,270
"271",3.75938607765605,0.54204607369582,2.6058078603636,0.782007182454293,271
"272",3.77048535966105,0.543646420695936,2.61350129639161,0.784315995135062,272
"273",3.76756568415726,0.543225448066202,2.61147753154801,0.783708660009795,273
"274",3.76453581788627,0.542788587610243,2.6093773882848,0.783078403596422,274
"275",3.76140107688565,0.542336605819509,2.60720455139843,0.782426331708359,275
"276",3.75816647514984,0.541870225635445,2.60496249632502,0.78175348732964,276
"277",3.7592663591392,0.542028812113566,2.60572487781119,0.781982279255177,277
"278",3.76007062571323,0.542144775073914,2.60628235291939,0.782149578442998,278
"279",3.7605993842252,0.5422210139782,2.60664886039117,0.782259567932135,279
"280",3.7608706718835,0.542260129516478,2.60683690266663,0.78231599972523,280
"281",3.75507482635799,0.541424457083279,2.60281952868167,0.781110379250046,281
"282",3.74925834438035,0.540585809188762,2.59878785059809,0.779900466091574,282
"283",3.74342261040585,0.539744385450239,2.59474282804716,0.778686548236721,283
"284",3.73756895263745,0.538900377374299,2.59068538166904,0.777468901971093,284
"285",3.73169864566885,0.538053968737892,2.58661639494473,0.776247792428781,285
"286",3.72581291297475,0.537205335947388,2.58253671592228,0.775023474110386,286
"287",3.71991292925916,0.536354648377172,2.57844715884447,0.773796191371489,287
"288",3.71399982267156,0.535502068689173,2.57434850568493,0.772566178883652,288
"289",3.70807467689995,0.534647753134657,2.57024150759893,0.771333662069797,289
"290",3.70213853314914,0.533791851839458,2.56612688629466,0.770098857515722,290
"291",3.69619239201185,0.532934509073768,2.56200533533013,0.76886197335932,291
"292",3.69688296640239,0.533034079357122,2.56248400502191,0.769005622913335,292
"293",3.69645782500921,0.532972780459329,2.56218931946388,0.768917187297477,293
"294",3.69585544071039,0.532885925840706,2.56177177848554,0.76879188256991,294
"295",3.69508511999174,0.532774857354414,2.56123783285128,0.768631644615538,295
"296",3.69415548538982,0.532640818238576,2.56059345924801,0.768438267047833,296
"297",3.69307454669447,0.532484963382593,2.55984420963897,0.768213416020008,297
"298",3.7038712490608,0.53404168301863,2.56732791344354,0.770459287718973,298
"299",3.70187259127648,0.533753507081849,2.56594254943543,0.770043537724075,299
"300",3.69976561615068,0.533449713438225,2.56448210556747,0.769605256140966,300
"301",3.69755517105412,0.53313100100461,2.56294994178101,0.769145451293519,301
"302",3.69524583352012,0.532798029791416,2.56134923098036,0.768665075375486,302
"303",3.69284193190824,0.532451423882005,2.55968297335574,0.768165028748836,303
"304",3.69546038475065,0.532828964803067,2.56149794656088,0.768709705163385,304
"305",3.69773800542326,0.533157362929106,2.56307667290849,0.769183483511258,305
"306",3.69539641126025,0.532819740802505,2.56145360351638,0.768696397743517,306
"307",3.697375775605,0.533105134919875,2.56282559433124,0.769108134421345,307
"308",3.69906370260119,0.53334850822128,2.56399557616965,0.769459247876367,308
"309",3.70048023369885,0.533552750377816,2.56497744070616,0.769753907022741,309
"310",3.69946428497771,0.533406266083839,2.56427323871451,0.769542574858253,310
"311",3.71242243248604,0.535274633108181,2.57325514212519,0.772238058698833,311
"312",3.72130863488244,0.53655588781827,2.57941458826215,0.774086518515192,312
"313",3.72012628355483,0.536385410809092,2.57859504477298,0.773840572179466,313
"314",3.71881754918846,0.536196711295355,2.57768789923683,0.77356833632678,314
"315",3.71649194808338,0.535861395123526,2.57607591538774,0.773084577348552,315
"316",3.71508913142659,0.535659130379968,2.57510355697724,0.772792771006075,316
"317",3.70992219715411,0.534914137347173,2.57152211105413,0.771717973252164,317
"318",3.70474158106121,0.534167171604769,2.56793118161577,0.770640329479884,318
"319",3.69954816292718,0.533418360003496,2.5643313784787,0.769560022696167,319
"320",3.69434279117136,0.53266782487247,2.56072328972239,0.768477229384623,320
"321",3.69296558216545,0.532469252361189,2.5597686811829,0.768190749807342,321
"322",3.6877836612477,0.531722098482964,2.55617684730887,0.767112834612445,322
"323",3.68259116820547,0.530973420265804,2.55257768539657,0.766032720261327,323
"324",3.6773888648072,0.53022332754509,2.54897172346365,0.764950565212946,324
"325",3.68089851079495,0.530729364910879,2.55140442468482,0.765680622811074,325
"326",3.68402990864124,0.531180864669803,2.55357494427319,0.766331999274236,326
"327",3.67885740604315,0.530435068769472,2.54998963868088,0.765256043227313,327
"328",3.67367626790672,0.52968802775636,2.54639834738952,0.764178290862357,328
"329",3.66848717826443,0.52893984025751,2.5428015445343,0.76309888446811,329
"330",3.66329079774045,0.528190601524836,2.53919968802499,0.762017961464039,330
"331",3.6580877644429,0.527440403563789,2.53559322016443,0.760935654585952,331
"332",3.65287869481501,0.52668933525607,2.53198256823852,0.759852092063037,332
"333",3.64766418444734,0.525937482476745,2.52836814507916,0.758767397786825,333
"334",3.65376187631829,0.526816676544335,2.53259474300744,0.760035806708117,334
"335",3.65867550075633,0.527525146166565,2.53600060793299,0.761057912318729,335
"336",3.65977931395908,0.527684299177266,2.53676571294235,0.76128752157801,336
"337",3.66068483305854,0.527814861205847,2.53739337095308,0.761475882769172,337
"338",3.65888650658292,0.527555569985101,2.53614686602678,0.761101804610856,338
"339",3.65700737087625,0.52728462730704,2.53484434840981,0.760710916952852,339
"340",3.65505057581278,0.527002487335441,2.53348800142863,0.760303875014989,340
"341",3.65301911975376,0.526709582388215,2.53207990338889,0.759881302500175,341
"342",3.65091585956571,0.526406324381897,2.53062203451956,0.759443793678349,342
"343",3.65386985915985,0.526832246021395,2.53266959100962,0.760058268715461,343
"344",3.64890919423627,0.526116993879368,2.52923112010413,0.759026377997174,344
"345",3.65335104217266,0.526757440533194,2.53230997447772,0.759950347208602,345
"346",3.64839799971252,0.526043287434016,2.52887678706128,0.758920042073982,346
"347",3.64746062817328,0.525908132769945,2.52822705062172,0.758725055110374,347
"348",3.6541805443816,0.526877042086797,2.53288494159511,0.760122895776867,348
"349",3.6601796067846,0.527742015290993,2.53704317478575,0.761370788329063,349
"350",3.65869276588248,0.52752763553415,2.53601257520651,0.761061503716999,350
