"Character","Node"
"AmeliaRoperSH","180, 37, 192, 56, 18, 71, 162, 43, 166, 210, 119, 15, 125, 167, 57, 205, 203, 139, 24, 165, 100, 66, 226, 42, 128, 238, 108, 95, 38, 228, 96, 14, 106, 49, 144, 118, 237, 161, 178, 117, 40, 55, 131, 51, 141, 206, 105, 239, 181, 191, 116, 160, 189, 179, 98, 184, 204, 143, 83, 39, 22, 17, 190, 104, 142, 16"
"AugustaGreshamSH","69, 179"
"BellDaleSH","120, 152, 149, 79, 9, 36, 211, 31, 235, 195, 7, 78, 13, 199, 25, 242, 72, 157, 132, 150, 10, 49, 168, 45, 121, 20, 5, 63, 59, 207, 210, 113, 158, 133, 89, 84, 127, 198, 30, 26, 24, 22, 124, 53, 201, 234, 77, 212, 12, 23, 200, 233, 35, 213, 155, 11, 215, 170, 209, 60, 74, 32, 50, 6, 108, 80, 236, 61, 197, 51, 229, 18, 230, 151, 183, 46, 76, 148, 208, 19, 169, 21, 29, 4, 177, 123, 82, 109, 75, 33, 153, 216, 110, 175, 156, 34, 196, 243, 54, 52, 122, 176"
"BernardDaleSH","25, 101, 210, 24, 49, 209, 11, 5, 132, 59, 48, 136, 76, 170, 79, 20, 125, 151, 78, 7, 121, 81, 195, 53, 31, 26, 73, 29, 243, 63, 19, 45, 30, 27, 22, 110, 75, 152, 23, 133, 6, 211, 108, 156, 4, 148, 123, 129, 34, 32, 111, 93, 77, 52, 28, 61, 233, 54, 196, 212, 104, 122, 50, 10, 60, 150"
"BurgoFitzgeraldSH","224"
"ChristopherDaleSH","1, 217, 2, 3, 241, 123, 218, 4, 242, 184, 22, 11, 130, 149, 209, 48, 125, 185, 12, 243, 214, 6, 126, 78, 24, 49, 113, 27, 7, 152, 133, 188, 175, 216, 8, 45, 26, 195, 235, 9, 53, 234, 154, 196, 46, 10, 148, 91, 110, 197, 170, 210, 76, 215, 134, 122, 111, 77, 35, 112, 84, 151, 132, 106, 20, 199, 153, 47, 201, 101, 232, 194, 25, 135, 200, 102, 211, 213, 33, 29, 212, 32, 198, 21, 229, 208, 183, 155, 231, 120, 108, 103, 28, 236, 54, 104"
"ColDaleSH","4, 243, 128, 129"
"CountessDeCourcySH","162, 99, 98, 107, 136, 178, 92, 70, 66, 141, 67, 68, 179, 126, 93, 91, 73, 160, 106, 105, 223, 161, 180, 164, 108, 226, 72, 45, 163, 69, 95, 16"
"CrosbieSH","244, 178, 151, 79, 23, 108, 31, 7, 227, 20, 24, 40, 70, 120, 47, 6, 205, 73, 223, 45, 113, 85, 105, 196, 145, 238, 63, 99, 114, 126, 206, 138, 53, 27, 143, 139, 158, 169, 117, 165, 188, 112, 100, 144, 207, 106, 184, 72, 136, 29, 210, 180, 101, 84, 125, 67, 59, 22, 26, 211, 115, 56, 18, 134, 33, 162, 25, 194, 185, 65, 193, 124, 164, 69, 191, 130, 11, 60, 92, 230, 179, 175, 50, 146, 118, 157, 161, 181, 132, 49, 215, 199, 122, 133, 35, 64, 137, 160, 121, 34, 28, 68, 98, 51, 217, 74, 21, 58, 216, 19, 156, 142, 30, 172, 83, 110, 4, 103, 77, 192, 48, 163, 148, 218, 93, 102, 81, 200, 183, 91, 95, 140, 96, 32, 208, 123, 82, 104, 52, 229, 75, 129, 109, 5, 16, 201, 116, 155, 10, 228, 240, 46, 61, 111, 182, 232, 177, 141, 176"
"DowagerHartletopSH","72, 171, 174, 8, 67, 16, 7, 45, 64"
"DrCroftsSH","151, 29, 243, 128, 36, 175, 80, 74, 87, 89, 234, 156, 169, 157, 209, 211, 200, 201, 158, 168, 244, 81, 88, 33, 34, 155, 79, 11, 216, 235, 213, 177, 110, 207, 170, 195, 183"
"EarlDeCourcySH","102, 141, 244, 179, 146, 161, 106"
"EarlDeGuestSH","187, 243, 136, 210, 85, 170, 213, 88, 244, 89, 132, 128, 207, 86, 199, 146, 188, 80, 93, 235, 34, 216, 117, 230, 229, 87, 133, 147, 143, 184, 4, 39, 203, 242, 240, 116, 234, 48, 148, 135, 129"
"FowlerPrattSH","103, 140, 101, 113, 112, 125, 102, 179, 110"
"GeorgeDeCourcySH","95, 145, 117, 68, 192, 97, 136, 66, 70, 74, 93, 105, 193, 179, 91, 106, 72, 69"
"GlencoraPalliserSH","224"
"GriseldaGrantlySH","221, 223, 181, 222, 173, 174, 220"
"GustavusHartletopSH","221, 222"
"HopkinsSH","216, 126, 9, 108, 243, 229, 6, 242, 215, 127, 175, 152, 212, 231, 62, 213, 233, 7, 154, 83, 241"
"JoeCradellSH","143, 13, 165, 43, 15, 184, 205, 85, 166, 167, 204, 17, 240, 41, 42, 14, 237, 118, 203, 234, 239, 116, 16, 38, 185, 189, 37, 188, 190, 128, 202, 117, 39"
"JohnDecourcySH","91, 136, 179, 74, 68, 125, 66"
"JohnnyEamesSH","235, 83, 18, 184, 36, 204, 238, 185, 85, 24, 205, 53, 79, 187, 84, 165, 188, 206, 42, 13, 146, 40, 143, 189, 215, 130, 119, 86, 35, 236, 55, 137, 186, 144, 138, 213, 11, 29, 56, 134, 209, 198, 233, 140, 37, 118, 216, 239, 230, 128, 88, 191, 132, 38, 57, 17, 44, 5, 167, 16, 129, 116, 203, 22, 231, 89, 211, 21, 32, 12, 14, 87, 145, 39, 135, 34, 4, 124, 170, 207, 117, 15, 199, 133, 190, 136, 51, 218, 197, 46, 240, 20, 82, 58, 52, 217, 148, 202, 169, 229, 208, 234"
"Lady ClandidlemSH","95, 70, 105, 220, 72, 171, 174, 224, 69"
"LadyCrosbieSH","191, 161, 105, 176, 83, 92, 180, 91, 146, 178, 69, 101, 71, 70, 103, 45, 72, 96, 93, 100, 199, 164, 227, 98, 112, 136, 192, 175, 226, 108, 126, 179, 99, 141, 232, 68, 138, 95, 73, 66, 181, 193, 97, 163, 162, 228, 244, 104, 67, 183, 160"
"LadyDeCourcySH","66, 136, 96, 105, 164, 179, 226, 108, 223, 142, 67"
"LadyDeGuestSH","170, 209, 96, 199, 133, 99, 50, 152, 146, 215, 106, 235, 207, 193, 98, 105, 48, 213, 210, 197, 49, 130, 81, 110, 238, 240, 230, 198, 93, 134, 176, 218, 88, 71, 214, 51, 101, 67, 100, 242, 243, 68, 104, 234, 73, 135, 188, 185, 97, 80, 95, 61"
"LilyDaleSH","56, 186, 235, 210, 24, 120, 243, 12, 203, 126, 5, 144, 176, 157, 26, 143, 53, 83, 40, 150, 131, 125, 55, 35, 102, 13, 78, 151, 85, 113, 49, 231, 18, 36, 133, 23, 8, 206, 6, 59, 185, 63, 11, 33, 81, 60, 74, 54, 244, 136, 230, 73, 30, 7, 112, 175, 76, 91, 110, 92, 130, 50, 14, 95, 84, 121, 140, 34, 4, 168, 31, 100, 193, 138, 70, 192, 48, 19, 198, 155, 25, 234, 62, 27, 108, 211, 207, 72, 152, 180, 99, 127, 156, 116, 39, 200, 22, 124, 164, 98, 213, 29, 77, 101, 61, 58, 236, 241, 197, 195, 132, 51, 20, 93, 238, 215, 209, 32, 75, 104, 89, 183, 16, 9, 229, 47, 184, 196, 134, 111, 82, 199, 68, 217, 177, 123, 208, 45, 115, 181, 170, 191, 21, 201, 218, 154, 129, 212, 10, 216, 158, 233, 122, 242, 148, 46, 52, 109, 202, 96, 162, 28, 169"
"LordPorlockSH","172, 68, 192, 226, 66, 106, 70"
"MajorFiascoSH","141, 140, 194, 244, 114, 115"
"MariaLupexSH","210, 143, 38, 41, 15, 144, 204, 179, 205, 16, 116, 22, 14, 42, 117, 37, 189, 43, 190, 39, 128, 184, 166, 165, 17, 167"
"MarqAuldReekieSH","224"
"MaryDaleSH","123, 9, 200, 7, 242, 22, 73, 84, 198, 78, 231, 76, 149, 13, 59, 154, 199, 53, 170, 35, 80, 8, 99, 155, 124, 229, 129, 27, 64, 60, 126, 32, 234, 46, 61, 244, 6, 151, 233, 1, 164, 83, 213, 152, 241, 77, 12, 230, 28, 177, 175, 197, 34, 24, 18, 79, 72, 48, 232, 82, 183, 156, 133, 208, 121, 148, 211, 81, 153, 89, 120, 169, 122, 196, 10, 212, 37, 75, 29, 45, 110, 11, 109, 150, 210, 207, 195, 21, 215, 217, 20, 158, 216, 132, 201, 168, 33, 193, 176"
"MaryEamesSH","216, 35, 210, 32, 152, 209, 29, 13, 51, 89, 82"
"MontgomDobbsSH","16, 179, 228"
"MortimerGazebeeSH","164, 66, 108, 100, 226, 181, 126, 45, 139, 161, 93, 104, 67, 141, 192, 178, 125, 142, 160, 49, 94, 244, 163, 228"
"MrButterwellSH","139, 140, 113, 244, 181, 114, 141, 194, 115, 112, 193"
"MrFisherSH","145, 185, 38, 146, 143, 13, 39, 37"
"MrFothergillSH","221, 173, 174, 224"
"MrOptimistSH","244, 193, 141, 140, 126, 115, 181, 194, 114"
"MrsBoyceSH","133, 233, 197, 152, 34, 242, 155, 214, 213, 127, 229, 35, 243, 33, 32"
"MrsCrumpSH","242, 83, 229, 196, 243, 177, 120, 197, 82"
"MrsEamesSH","12, 48, 214, 17, 50, 213, 29, 209, 210, 32, 152, 14, 15, 197, 57, 51, 52, 155, 129, 87, 89, 169"
"MrsGDeCourcySH","105, 97, 66, 106"
"MrsHearnSH","151, 3, 155, 32, 133, 152, 46, 197, 229, 126, 33, 35, 242, 153, 34"
"MrsRoperSH","43, 16, 116, 128, 203, 41, 205, 210, 189, 202, 204, 166, 22, 237, 143, 212, 17, 37, 144, 55, 15, 39, 238, 167, 239, 117, 134, 184, 165, 14"
"OrsonLupexSH","189, 144, 14, 116, 166, 16, 167, 190, 41, 165, 42, 17, 38"
"PlantagenetPalliserSH","176, 171, 223, 224, 220, 222, 105, 172, 173, 174, 94, 221, 98, 95, 97"
"RevArabinSH","64"
"RevBoyceSH","133, 4, 29, 35, 155, 243, 201, 46"
"SallySpruceSH","166, 17, 144, 14, 117, 16, 42, 237, 238, 239, 205, 189, 204, 116, 37, 165, 39, 202, 41, 143"
"SeptimusHardingSH","83, 63, 64, 65"
"SirBuffleSH","130, 145, 203, 113, 207, 209, 187, 186, 204, 135, 236, 240, 185, 146, 115, 141, 144, 114, 238, 202, 188, 218, 234"
