"","empEntropy","evenness_log2","entropy","evenness"
"1",0,1,0,1
"2",0,1,0,1
"3",1,0.693147180559945,0.693147180559945,1
"4",1.58496250072116,0.693147180559945,1.09861228866811,1
"5",2,0.693147180559945,1.38629436111989,1
"6",1.92192809488736,0.666089520105061,1.33217904021012,0.960964047443681
"7",1.79248125036058,0.621226662447,1.242453324894,0.896240625180289
"8",2.12808527889139,0.635280788540634,1.47507631105469,0.916516443199602
"9",2.15563906222957,0.643506205717275,1.49417513828931,0.928383211769586
"10",2.19715972342415,0.65590104658482,1.52295506753132,0.946265187221801
"11",2.17095059445467,0.648077038644984,1.50478828368119,0.934977529767123
"12",2.11807820934971,0.632293455705582,1.46813993901621,0.912206632932989
"13",2.0545851693378,0.613339371052254,1.42412991734677,0.884861668999043
"14",1.98777337148798,0.593394563368627,1.37781950803903,0.856087393862389
"15",1.92118549658855,0.573516601666175,1.33166431029301,0.827409557091281
"16",1.85656476213095,0.554225875138671,1.28687263039802,0.799578921594907
"17",1.79473671780348,0.535768828729919,1.24401669579289,0.772951032271542
"18",1.73604116765992,0.51824690150788,1.20333204069947,0.74767223476149
"19",1.68055637326599,0.501683456290613,1.16487291190137,0.723776234486502
"20",1.62822027603215,0.486059967208833,1.12859629366222,0.701236304266835
"21",1.67095059445467,0.498815917664067,1.15821469340122,0.719639250730427
"22",1.69568930453635,0.506200972860893,1.17536226054502,0.730293633239579
"23",1.70809866350181,0.509905442520571,1.18396377272449,0.73563805324672
"24",1.71177784896757,0.511003761214406,1.18651398975684,0.737222592179631
"25",1.70914791702725,0.510218668035372,1.18469105984734,0.736089942143603
"26",1.70190118890934,0.508055358510726,1.17966801068413,0.732968946220489
"27",1.69125391208234,0.504876909561543,1.17228788077085,0.728383413683784
"28",1.78307894818097,0.532288725205932,1.23593614564743,0.767930304175706
"29",1.7600335904609,0.525409173352523,1.21996232091877,0.758005208833255
"30",1.73652410348343,0.518391068592638,1.20366678630393,0.747880223899729
"31",1.71280259950847,0.511309672043326,1.18722429270504,0.737663928215469
"32",1.68905821526192,0.504221445224042,1.17076593971041,0.727437778534592
"33",1.75080723590509,0.522654901305389,1.21356709927156,0.754031634209596
"34",1.79532499969562,0.535944443959264,1.2444244617278,0.773204391492023
"35",1.77257609859947,0.529153391001876,1.22865612507217,0.763406973067985
"36",1.7499135605211,0.522388119326175,1.21294765069882,0.753646749171185
"37",1.72742767632282,0.515675582762809,1.19736162346438,0.743962605959431
"38",1.7051873427473,0.509036348521868,1.1819457989518,0.734384215644724
"39",1.74088847867891,0.519693931660755,1.20669194066558,0.749759857987058
"40",1.7195666470247,0.513328890672607,1.19191277317009,0.740577044918403
"41",1.69851766905409,0.507045302577815,1.17732273343609,0.731511743535057
"42",1.67777526284682,0.500853232973139,1.1629451930555,0.722578475423552
"43",1.65736453133547,0.494760175642289,1.14879755205524,0.713788051828482
"44",1.68747042980656,0.503747455950153,1.16966537069869,0.726753956559717
"45",1.66794387551074,0.497918345183975,1.1561305946425,0.71834432736456
"46",1.7846206363837,0.478538764927289,1.23700476247846,0.69038550303373
"47",1.80688434415169,0.484508687610455,1.25243678874665,0.698998280883224
"48",1.85837485912852,0.498315659770328,1.28812729402842,0.718917531147964
"49",1.92408629968348,0.515935915282157,1.33367499377962,0.744338186394076
"50",1.96231861661225,0.526187755561487,1.36017561646507,0.759128465525051
"51",1.99231997733309,0.534232498412035,1.38097097506168,0.770734576140764
"52",2.03847047679022,0.546607567130137,1.41296006364183,0.78858802641103
"53",2.06136601325387,0.552746912108164,1.42883004018902,0.797445228965136
"54",2.07936305637053,0.557572746019195,1.44130463988374,0.804407435616734
"55",2.0933679160559,0.561328092180832,1.4510120688888,0.809825254900949
"56",2.18641321080087,0.539834183664556,1.51550615260564,0.778816099675197
"57",2.24088960688245,0.55328462416794,1.55326631295666,0.7982209834872
"58",2.32899426592249,0.538111936321484,1.61433580896445,0.776331421974163
"59",2.38001448392398,0.549900109741246,1.64970032922374,0.793338161307993
"60",2.41693211458266,0.558429893609252,1.67528968082776,0.805644038194219
"61",2.44485630144504,0.564881750740283,1.69464525222085,0.814952100481682
"62",2.46628326995231,0.569832431676535,1.70949729502961,0.822094423317436
"63",2.44699105149098,0.565374982732129,1.69612494819639,0.815663683830327
"64",2.49399855760237,0.576236022840884,1.72870806852265,0.831332852534123
"65",2.5280997882233,0.584115080127058,1.75234524038117,0.842699929407766
"66",2.55395664300468,0.590089282123678,1.77026784637103,0.851318881001559
"67",2.53504175665708,0.585719015409528,1.75715704622858,0.845013918885693
"68",2.51622006810717,0.581370281958947,1.74411084587684,0.838740022702392
"69",2.58979767658137,0.56629445710113,1.79511095774307,0.816990204942708
"70",2.60923646153285,0.570545011602104,1.8085848967257,0.823122458842292
"71",2.67998485020315,0.55920052746496,1.85762394286168,0.806755827836191
"72",2.66064313763125,0.555164722609025,1.84421728932527,0.800933392184537
"73",2.64142983862885,0.551155712283585,1.8308996452925,0.795149612869152
"74",2.62235853865663,0.547176331204958,1.81768042748714,0.78940857952121
"75",2.60344074597606,0.54322898066503,1.80456761282819,0.783713756472605
"76",2.61049523893195,0.544700957710584,1.80945741473084,0.785837370456529
"77",2.61550363445428,0.545745999968052,1.81292896996627,0.787345047738897
"78",2.61875171395043,0.546423738040848,1.81518036711127,0.788322817095542
"79",2.62047293856779,0.546782885486715,1.8163734291019,0.788840957334642
"80",2.620861125517,0.546863883835171,1.81664249979127,0.788957813250279
"81",2.62007931034836,0.546700751773192,1.81610058681141,0.788722463433453
"82",2.61826614129892,0.546322419377489,1.81484379379692,0.788176645162364
"83",2.61554061615084,0.545753716498325,1.81295460372498,0.787356180338854
"84",2.61200567043645,0.545016121467555,1.81050436606961,0.786292055645778
"85",2.60775094801357,0.544128339201581,1.80755521721813,0.785011256573269
"86",2.60285497602309,0.543106755023848,1.80416158803683,0.783537422146202
"87",2.58881635297453,0.54017748271358,1.79443075605177,0.779311375510766
"88",2.57479070030558,0.537250916777986,1.78470891444878,0.775089233348649
"89",2.56079000269621,0.534329557917525,1.77500437037497,0.770874603408006
"90",2.55653791023454,0.533442324414242,1.77205704447369,0.769594596032708
"91",2.61620419249484,0.524194364770022,1.81341455979691,0.756252610515651
"92",2.60229138960546,0.521406733401763,1.80377093970045,0.752230908564838
"93",2.59746521926798,0.520439740343046,1.80042569333812,0.750835832474453
"94",2.65527816826297,0.513394094237698,1.84049857593385,0.740671113778408
"95",2.69074949226709,0.520252422105631,1.86508542415804,0.750565589382265
"96",2.71768942636511,0.525461218393111,1.88375876352255,0.758080293955213
"97",2.73911979463166,0.529604748301537,1.89861316286488,0.764058144005874
"98",2.73321459975148,0.528462987632901,1.89451999368302,0.762410931551352
"99",2.72691230436471,0.52724444817049,1.89015157540462,0.760652950711803
"100",2.7202522370135,0.525956734029573,1.88553516849779,0.758795171906621
"101",2.71326980326867,0.524606690824742,1.88069531423412,0.756847471270025
"102",2.70599696217847,0.523200497790556,1.87565416493778,0.754818763553072
"103",2.69846263153374,0.521743746138969,1.87043176489398,0.752717115169521
"104",2.75111997898272,0.515325529413557,1.90693105681401,0.743457585728418
"105",2.80289936751945,0.510281240851432,1.94282179398936,0.736180215635027
"106",2.7906581753709,0.508052673250522,1.9343368461649,0.732965072208909
"107",2.7784096816992,0.505822776372388,1.92584683731026,0.729748011041132
"108",2.78368559593647,0.506783281802878,1.92950382238869,0.731133727462447
"109",2.77162778175151,0.504588099037646,1.92114598248267,0.727966748173201
"110",2.77591045314266,0.505367779855645,1.92411450408271,0.729091589822804
"111",2.77914136502179,0.505955982822141,1.92635400154237,0.729940187325604
"112",2.78143144375292,0.506372902612451,1.92794136315811,0.730541675439533
"113",2.78287580657895,0.506635855775754,1.92894251917868,0.730921036664216
"114",2.78355682082685,0.506759837678024,1.92941456228454,0.731099904739782
"115",2.78354641503547,0.506757943253914,1.92940734953958,0.731097171663512
"116",2.78290785941878,0.506641691148608,1.92896473651424,0.730929455327695
"117",2.78169716103352,0.506421277714759,1.92812554434199,0.730611465959736
"118",2.82892091825939,0.501897483569829,1.96085855851855,0.724085010580843
"119",2.82690691463956,0.501540165928969,1.95946255758783,0.723569510192352
"120",2.8244230752589,0.50109949163274,1.95774089132416,0.722933751570534
"121",2.82150894886267,0.500582477284394,1.95572097282881,0.722187857534107
"122",2.83501255843664,0.502978241556396,1.9650809617324,0.725644214768464
"123",2.84641240650167,0.505000763649533,1.97298273427748,0.728562097362321
"124",2.84314807469892,0.504421617054532,1.97072007189199,0.727726565441765
"125",2.83952497170336,0.503778818500338,1.96820872826574,0.726799203155339
"126",2.84924219232327,0.505502814581298,1.97494419234131,0.729286403751852
"127",2.8775357842749,0.510522566992904,1.9945558158305,0.736528375662566
"128",2.89952996988621,0.514424700255179,2.00980102357569,0.742157963968939
"129",2.90740645267581,0.515822118919647,2.01526058541403,0.744174012946211
"130",2.91400299190861,0.51699245437153,2.01983295798469,0.745862450098819
"131",2.91947245264748,0.517962827407979,2.02362409927503,0.747262402466317
"132",2.94658027749526,0.522772205071503,2.04241381163938,0.754200867771246
"133",2.93740295186305,0.521143995314568,2.03605257425233,0.751851857629388
"134",2.94183404217009,0.521930144216864,2.03912397200546,0.752986030752131
"135",2.95912091574976,0.524997122262248,2.05110631968791,0.757410744768722
"136",2.97353123197446,0.527553751330222,2.06109478975004,0.76109918084648
"137",2.9856722249621,0.529707764823213,2.06951028480862,0.764206765430827
"138",2.98075106781892,0.52883466993729,2.06609919860973,0.76294715576868
"139",2.97560409362247,0.527921511361338,2.06253158795705,0.761629746419609
"140",2.98978531308377,0.530437494864319,2.07236126024355,0.765259543342318
"141",3.00176312323202,0.532562557015501,2.08066364557709,0.768325359969409
"142",2.99644458552384,0.53161896022749,2.07697711615996,0.766964037562747
"143",2.99093428934196,0.530641342306269,2.07315766989744,0.765553633035917
"144",2.98524660767969,0.529632253259201,2.06921526938932,0.764097825271897
"145",2.97939484727605,0.528594053922455,2.06515913816422,0.762600020237318
"146",2.98971563035963,0.530425131993491,2.07231295985978,0.765241707489884
"147",2.9985467013758,0.531991910439518,2.07843419183596,0.767502090984138
"148",2.99262950225611,0.530942101189359,2.07433270194933,0.765987536385054
"149",2.98657183285962,0.529867370182646,2.0701338454864,0.764437027291379
"150",2.98038421637686,0.528769584407883,2.06584491656698,0.762853257198171
"151",2.97407645192883,0.527650482391639,2.06147270742419,0.761238734269087
"152",2.99359531358189,0.531113452134833,2.07500215134675,0.766234743544342
"153",3.0178865707645,0.535423123986742,2.09183956777513,0.772452285752949
"154",3.02539079497891,0.536754497806719,2.09704109963165,0.7743730521606
"155",3.01822773099329,0.53548365146887,2.09207604202584,0.772539608451252
"156",3.01099049391027,0.534199645593513,2.0870595715467,0.770687179542403
"157",3.00368549477957,0.532903617607184,2.08199613199526,0.768817406393672
"158",2.99631873790597,0.531596632773119,2.07688988523845,0.766931825855051
"159",2.98889585045848,0.530279689444421,2.07174473173261,0.765031878245605
"160",2.98142210947725,0.528953723855521,2.06656432924324,0.76311891426611
"161",2.97390246655263,0.527619614500661,2.06135210995123,0.761194201315851
"162",2.96634157041696,0.526278186142048,2.05611129611228,0.759258929275171
"163",2.95874378766023,0.524930213485159,2.05084491441594,0.757314215807823
"164",2.95111322175596,0.523576424554247,2.04555580917332,0.755361111230787
"165",2.94345373056166,0.522217503797208,2.04024665444747,0.753400602993645
"166",2.93576894243949,0.520854094945659,2.03491996522738,0.751433619804812
"167",2.9280622711267,0.519486803653202,2.02957810773542,0.749461035437733
"168",2.92033692947085,0.51811619993227,2.02422330894781,0.74748367224652
"169",2.91580658584948,0.517312441846069,2.02108311403968,0.746324094441483
"170",2.91115599469111,0.516487349852712,2.01785956989033,0.745133738314391
"171",2.9063927073803,0.515642263693044,2.01455791072064,0.743914536702714
"172",2.94118760910369,0.509668974687017,2.03867589874807,0.735296902275922
"173",2.93619378212881,0.508803610415057,2.03521444166023,0.734048445532203
"174",2.97051142253496,0.50373586190728,2.05900161735122,0.726737229891561
"175",3.00448253445445,0.499421115986109,2.0825485977987,0.720512367348392
"176",2.99915450126106,0.498535461883303,2.07885548661277,0.71923463856633
"177",2.99373866667449,0.497635212964494,2.07510151613871,0.717935853915599
"178",2.9882407686519,0.496721323023536,2.07129066362535,0.716617389429861
"179",2.98102317568362,0.495521576214023,2.06628780940896,0.714886520657454
"180",2.98580129811613,0.496315821216348,2.06959975150142,0.716032373983559
"181",2.97862152322477,0.495122360729341,2.06462311077842,0.714310574457456
"182",2.97142302337576,0.493925787679975,2.05963349090381,0.712584284453075
"183",2.9756968879788,0.494636212255638,2.06259590810351,0.71360921046531
"184",2.99063479237226,0.497119270418606,2.07295007441731,0.717191506163263
"185",2.98348005218818,0.495929971334206,2.06799078643107,0.715475710272064
"186",2.98309835219779,0.49586652312541,2.06772621215892,0.715384173855881
"187",2.98245234354768,0.495759140121089,2.06727843308447,0.715229252928072
"188",2.99130131276559,0.497230062994315,2.07341207114873,0.717351346062805
"189",2.99503401903325,0.497850533344356,2.07599938597402,0.718246495559828
"190",2.99416391404176,0.497705899850604,2.07539627515238,0.718037833535646
"191",2.99306185210416,0.497522709235765,2.07463238402753,0.717773545344079
"192",2.99174126403483,0.497303194041457,2.07371702213059,0.717456851861852
"193",2.99505122056466,0.497853392674677,2.07601130916701,0.718250620701503
"194",2.9978983114064,0.498326651303807,2.07798476215677,0.718933388578806
"195",3.00031688437265,0.498728679405499,2.0796611891893,0.719513392527415
"196",3.01281105072168,0.500805526393223,2.08832148536758,0.72250964937729
"197",3.01479541034014,0.501135377235691,2.08969693864233,0.722985523551952
"198",3.01337924062659,0.500899973950547,2.08871532459819,0.722645908399864
"199",3.00702560884517,0.499843839378803,2.08431132264259,0.721122228290698
"200",3.00064956502314,0.498783979358098,2.07989178584422,0.719593173494791
"201",2.9942533002577,0.497720758104298,2.07545823295593,0.718059269464566
"202",2.98783889736771,0.496654521834668,2.07101210767776,0.716521015685955
"203",2.98653257527757,0.496437378007533,2.07010663420408,0.716207743363388
"204",2.98504501231916,0.496190107356342,2.06907553413356,0.715851007221157
"205",2.98338583399782,0.495914309883945,2.06792547935807,0.71545311557544
"206",2.9815640493088,0.495611483113597,2.06666271443729,0.71501622889561
"207",2.97958810348965,0.495283030857739,2.06529309316381,0.714542372454915
"208",2.97746592494027,0.4949302710173,2.06382211108566,0.71403344758249
"209",2.97955369466973,0.495277311240118,2.06526924278729,0.714534120790938
"210",2.98130938632658,0.495569151674048,2.06648619550917,0.714955157537699
"211",2.98275396245509,0.495809276825037,2.06748749937975,0.715301584902224
"212",2.98390650636782,0.496000858823106,2.06828638194333,0.715577979300762
"213",2.98478445927262,0.496146796838878,2.06889493252396,0.715788523352393
"214",2.97906034821592,0.495195304560531,2.0649272810838,0.714415810160978
"215",3.00804037454081,0.490831045968868,2.08501470462345,0.708119515933628
"216",3.00221768792613,0.489880940582775,2.08097872581319,0.70674880360479
"217",3.00284137028996,0.489982708720459,2.08141102948525,0.706895623992347
"218",2.99705412492592,0.489038386390429,2.07739961667796,0.705533254849812
"219",2.99124865339007,0.488091090040817,2.07337557045106,0.704166595103976
"220",2.98542660185986,0.48714108828338,2.06934003184782,0.702796032279685
"221",2.98597349455808,0.487230326419068,2.06971910897966,0.7029247756955
"222",2.98629397088739,0.487282619511028,2.06994124624376,0.703000218679943
"223",2.99403378043851,0.488545547645148,2.07530607341219,0.704822238836038
"224",3.00455479856486,0.490262293994472,2.08259868746309,0.707298980280672
"225",3.00463647178321,0.490275620860538,2.08265529902412,0.707318206884256
"226",3.0324081562772,0.486335061038377,2.10190516383052,0.701633180770498
"227",3.05111288780694,0.489334910096095,2.11487029575349,0.705961048129483
"228",3.05783091549639,0.49041234170755,2.11952687770536,0.707515453372226
"229",3.06388406831609,0.491383141248485,2.12372260351583,0.70891602105563
"230",3.06933846994351,0.492257913578492,2.12750330662552,0.710178050758038
"231",3.07424951101256,0.493045542200693,2.13090738089615,0.71131435866535
"232",3.07121344704761,0.492558620824145,2.12880294171884,0.710611879610101
"233",3.07564920688583,0.493270024243637,2.13187757614435,0.711638217795474
"234",3.07010686432623,0.49238114802114,2.12803591702546,0.710355840477314
"235",3.06995453429485,0.492356717459259,2.12793032989369,0.710320594626842
"236",3.06444589264928,0.491473246160916,2.12411203046836,0.709046014965954
"237",3.06416013970189,0.491427417344361,2.12391396161853,0.708979897959581
